

log-odds matrix: alength= 4 w= 16 E= 3.0e-043

  -997   -997   -997    179

  -997    210   -107   -997

  -997   -997    225   -997

   146   -107   -997   -153

   179   -997   -997   -997

  -997    225   -997   -997

   179   -997   -997   -997

   105   -997     51   -153

   127     -7   -107   -997

  -997     51   -997    127

  -997   -997    225   -997

  -997   -997   -997    179

  -153   -997   -997    163

  -997    210   -997   -153

  -997   -997    193    -53

   146   -997   -997    -53


