MEME version 4.11.4

ALPHABET= ACGT

strands: + -

Background letter frequencies (from unknown source):
A 0.290 C 0.210 G 0.210 T 0.290

MOTIF 1

log-odds matrix: alength= 4 w= 16 E= 3.0e-043
  -997   -997   -997    179
  -997    210   -107   -997
  -997   -997    225   -997
   146   -107   -997   -153
   179   -997   -997   -997
  -997    225   -997   -997
   179   -997   -997   -997
   105   -997     51   -153
   127     -7   -107   -997
  -997     51   -997    127
  -997   -997    225   -997
  -997   -997   -997    179
  -153   -997   -997    163
  -997    210   -997   -153
  -997   -997    193    -53
   146   -997   -997    -53


letter-probability matrix: alength= 4 w= 16 nsites= 10 E= 3.0e-043
0.000000 0.000000 0.000000 1.000000
0.000000 0.900000 0.100000 0.000000
0.000000 0.000000 1.000000 0.000000
0.800000 0.100000 0.000000 0.100000
1.000000 0.000000 0.000000 0.000000
0.000000 1.000000 0.000000 0.000000
1.000000 0.000000 0.000000 0.000000
0.600000 0.000000 0.300000 0.100000
0.700000 0.200000 0.100000 0.000000
0.000000 0.300000 0.000000 0.700000
0.000000 0.000000 1.000000 0.000000
0.000000 0.000000 0.000000 1.000000
0.100000 0.000000 0.000000 0.900000
0.000000 0.900000 0.000000 0.100000
0.000000 0.000000 0.800000 0.200000
0.800000 0.000000 0.000000 0.200000