HMMER2.0  [2.3.2]
NAME  drosofila-domens
LENG  133
ALPH  Amino
RF    no
CS    no
MAP   yes
COM   hmm2build hmm-1 drosofila-domens.fasta
COM   hmm2calibrate hmm-1
NSEQ  27
DATE  Thu May 25 21:29:57 2017
CKSUM 8710
XT      -8455     -4  -1000  -1000  -8455     -4  -8455     -4 
NULT      -4  -8455
NULE     595  -1558     85    338   -294    453  -1158    197    249    902  -1085   -142    -21   -313     45    531    201    384  -1998   -644 
EVD   -59.898594   0.217593
HMM        A      C      D      E      F      G      H      I      K      L      M      N      P      Q      R      S      T      V      W      Y    
         m->m   m->i   m->d   i->m   i->i   d->m   d->d   b->m   m->e
         -430      *  -1956
     1   -370   -803   -924    -41   -864  -1564   -259   -199   1394    383     39   -500  -1638    -45   -248   -573   -304   1435  -1204   -768    70
     -   -149   -500    233     43   -381    399    106   -626    210   -466   -720    275    394     45     96    359    117   -369   -294   -249 
     -  -1774  -6610   -520   -894  -1115   -701  -1378   -430      * 
     2     77   -180   -943   -767   -178   -895   -519    918   -474    349    490   -618  -1301   -498   -605   -283    -92   1562   -927   -387    71
     -   -149   -500    233     43   -381    399    106   -626    210   -466   -720    275    394     45     96    359    117   -369   -294   -249 
     -    -64  -5102  -6144   -894  -1115   -697  -1384      *      * 
     3   -502  -2018   1102   1999  -2298  -1068      7  -2062   1408  -2009  -1164    311  -1350    415   -250   -321   -474  -1627  -2190  -1456    72
     -   -149   -500    233     43   -381    399    106   -626    210   -466   -720    275    394     45     96    359    117   -369   -294   -249 
     -    -28  -6251  -7293   -894  -1115  -1152   -863      *      * 
     4   -951  -1626   -279   -461  -2104  -1335   -959  -2385   -876  -2503  -1922   3726  -1852   -791  -1179   -977  -1151  -1948  -2195  -1656    73
     -   -149   -500    233     43   -381    399    106   -626    210   -466   -720    275    394     45     96    359    117   -369   -294   -249 
     -    -27  -6306  -7348   -894  -1115  -1222   -808      *      * 
     5   -934   -855  -2687  -2515  -1119  -2225  -2081   1001  -2251   -317   -202  -2185  -2548  -2173  -2281  -1663  -1061   3124  -2097  -1653    74
     -   -149   -500    233     43   -381    399    106   -626    210   -466   -720    275    394     45     96    359    117   -369   -294   -249 
     -    -27  -6306  -7348   -894  -1115  -1222   -808      *      * 
     6   1435   -592   -728   -361  -1450   1285   -459  -1039   -310  -1298   -524    550  -1311   -196   -663    -64    -82    297  -1693  -1234    75
     -   -149   -500    233     43   -381    399    106   -626    210   -466   -720    275    394     45     96    359    117   -369   -294   -249 
     -    -27  -6306  -7348   -894  -1115  -1222   -808      *      * 
     7  -1192  -1828   -613   -570  -1990  -1595   -734  -2113   -180  -2019  -1539   -743  -1956   3833   -352  -1186  -1246  -1876  -2002  -1547    76
     -   -149   -500    233     43   -381    399    106   -626    210   -466   -720    275    394     45     96    359    117   -369   -294   -249 
     -    -27  -6306  -7348   -894  -1115  -1222   -808      *      * 
     8  -1394  -1047  -3469  -2961   -254  -3239  -2195   2364  -2647   1931    853  -2785  -2989  -2217  -2555  -2446  -1335    859  -1640  -1431    77
     -   -149   -500    233     43   -381    399    106   -626    210   -466   -720    275    394     45     96    359    117   -369   -294   -249 
     -    -27  -6306  -7348   -894  -1115  -1222   -808      *      * 
     9  -1355  -1964  -1141   -762  -2516  -1787   -513  -2244   3333  -2181  -1581   -845  -2015   -177    422  -1327  -1289  -1984  -2060  -1831    78
     -   -149   -500    233     43   -381    399    106   -626    210   -466   -720    275    394     45     96    359    117   -369   -294   -249 
     -    -27  -6306  -7348   -894  -1115  -1222   -808      *      * 
    10    173  -1401   -193    328  -1757  -1189    123  -1427    653  -1459   -617     73  -1315   1605   1313    891   -191  -1072  -1682  -1111    88
     -   -149   -500    233     43   -381    399    106   -626    210   -466   -720    275    394     45     96    359    117   -369   -294   -249 
     -    -27  -6306  -7348   -894  -1115  -1222   -808      *      * 
    11   -702  -2143   1804    580  -2385  -1107   -179  -2221    -12  -2191  -1414    234  -1471   2832   -560   -511   -707  -1804  -2355  -1604    90
     -   -149   -500    233     43   -381    399    106   -626    210   -466   -720    275    394     45     96    359    117   -369   -294   -249 
     -    -27  -6306  -7348   -894  -1115  -1222   -808      *      * 
    12   -667  -1763   -625      8  -2096  -1502   2228  -1776   1006  -1687   -895   -175  -1563   1799   2008   -574   -541  -1456  -1745  -1286    93
     -   -149   -500    233     43   -381    399    106   -626    210   -466   -720    275    394     45     96    359    117   -369   -294   -249 
     -    -27  -6306  -7348   -894  -1115  -1222   -808      *      * 
    13  -1712  -1478  -2964  -2740   -304  -2785  -1974    282  -2315   2787    611  -2593  -2840  -2102  -2231  -2394  -1722   -139  -1527  -1193    95
     -   -149   -500    233     43   -381    399    106   -626    210   -466   -720    275    394     45     96    359    117   -369   -294   -249 
     -    -27  -6306  -7348   -894  -1115  -1222   -808      *      * 
    14    -86   -691  -1154  -1220  -2067   -864  -1278  -1993  -1291  -2249  -1560   -907  -1522  -1177  -1443   3023   -445  -1338  -2288  -1857    99
     -   -149   -500    233     43   -381    399    106   -626    210   -466   -720    275    394     45     96    359    117   -369   -294   -249 
     -    -27  -6306  -7348   -894  -1115  -1222   -808      *      * 
    15   -558  -1307   -278   -254  -1908  -1201   -567  -1755   -191  -1823  -1179   -402   3085    825   -451   -607   -692  -1396  -2009  -1510   102
     -   -149   -500    233     43   -381    399    106   -626    210   -466   -720    275    394     45     96    359    117   -369   -294   -249 
     -    -27  -6306  -7348   -894  -1115  -1222   -808      *      * 
    16  -1396  -1611  -1843  -1993  -2671  -1691  -1952  -2744  -2059  -2807  -2391  -1866   3955  -2031  -2089  -1604  -1700  -2327  -2432  -2517   103
     -   -149   -500    233     43   -381    399    106   -626    210   -466   -720    275    394     45     96    359    117   -369   -294   -249 
     -    -27  -6306  -7348   -894  -1115  -1222   -808      *      * 
    17   -934   -855  -2687  -2515  -1119  -2225  -2081   1001  -2251   -317   -202  -2185  -2548  -2173  -2281  -1663  -1061   3124  -2097  -1653   107
     -   -149   -500    233     43   -381    399    106   -626    210   -466   -720    275    394     45     96    359    117   -369   -294   -249 
     -    -27  -6306  -7348   -894  -1115  -1222   -808      *      * 
    18  -2235  -1736  -2945  -2889   1870  -2976    170  -1348  -2546   -983   -909  -1865  -2951  -1844  -2310  -2204  -2165  -1450    848   4162   109
     -   -149   -500    233     43   -381    399    106   -626    210   -466   -720    275    394     45     96    359    117   -369   -294   -249 
     -    -27  -6306  -7348   -894  -1115  -1222   -808      *      * 
    19   -934   -855  -2687  -2515  -1119  -2225  -2081   1001  -2251   -317   -202  -2185  -2548  -2173  -2281  -1663  -1061   3124  -2097  -1653   112
     -   -149   -500    233     43   -381    399    106   -626    210   -466   -720    275    394     45     96    359    117   -369   -294   -249 
     -    -27  -6306  -7348   -894  -1115  -1222   -808      *      * 
    20  -1568  -1932  -1851  -1296  -2459  -1934   -755  -2379    299  -2254  -1724  -1261  -2180   -469   3658  -1613  -1528  -2145  -2041  -1888   115
     -   -149   -500    233     43   -381    399    106   -626    210   -466   -720    275    394     45     96    359    117   -369   -294   -249 
     -    -27  -6306  -7348   -894  -1115  -1222   -808      *      * 
    21   -341   -560  -1649  -1218   -560  -1538   -848    255   -883     54   3448  -1083  -1805   -814  -1026   -719   1269    250  -1256   -883   119
     -   -149   -500    233     43   -381    399    106   -626    210   -466   -720    275    394     45     96    359    117   -369   -294   -249 
     -    -27  -6306  -7348   -894  -1115   -450  -1899      *      * 
    22  -2228  -1908  -3555  -3373   -604  -3255  -2515    -62  -2963   2976    358  -3207  -3275  -2644  -2802  -2988  -2232   -567  -1904  -1643   121
     -   -149   -500    233     43   -381    399    106   -626    210   -466   -720    275    394     45     96    359    117   -369   -294   -249 
     -    -21  -6672  -7714   -894  -1115   -701  -1378      *      * 
    23   -979  -1838   -742   -474  -2510  -1635   -554  -2194   1937  -2193  -1466   -630   2842   -195     35   -960   -996  -1831  -2262  -1866   125
     -   -149   -500    233     43   -381    399    106   -626    210   -466   -720    275    394     45     96    359    117   -369   -294   -249 
     -    -21  -6672  -7714   -894  -1115   -701  -1378      *      * 
    24  -3232  -2594  -3508  -3648   -882  -2917  -1886  -3060  -3237  -2665  -2615  -3229  -3282  -3161  -2996  -3457  -3341  -3103   6081   -495   126
     -   -149   -500    233     43   -381    399    106   -626    210   -466   -720    275    394     45     96    359    117   -369   -294   -249 
     -    -21  -6672  -7714   -894  -1115   -701  -1378      *      * 
    25   -893   2905  -1220   -447  -2142  -1772   -160  -1688   2119  -1695   -948   -552  -1830    230   1900   -874   -772  -1430  -1846  -1483   127
     -   -149   -500    233     43   -381    399    106   -626    210   -466   -720    275    394     45     96    359    117   -369   -294   -249 
     -    -21  -6672  -7714   -894  -1115   -701  -1378      *      * 
    26  -1671  -1276  -3910  -3426   -567  -3626  -2664   2859  -3131   1634    562  -3227  -3342  -2670  -3012  -2867  -1618    788  -2013  -1810   205
     -   -149   -500    233     43   -381    399    106   -626    210   -466   -720    275    394     45     96    359    117   -369   -294   -249 
     -    -21  -6672  -7714   -894  -1115   -701  -1378      *      * 
    27   -757   -900  -1818  -1172   -513  -2055   -714      0   -437    936   3116  -1171  -2066   -610   1536  -1122   -680   -121  -1198   -857   207
     -   -149   -500    233     43   -381    399    106   -626    210   -466   -720    275    394     45     96    359    117   -369   -294   -249 
     -    -21  -6672  -7714   -894  -1115   -701  -1378      *      * 
    28  -1350  -1033  -3533  -3101   -890  -3207  -2475   1144  -2808   1037    182  -2849  -3143  -2562  -2797  -2450  -1341   2905  -2139  -1777   209
     -   -149   -500    233     43   -381    399    106   -626    210   -466   -720    275    394     45     96    359    117   -369   -294   -249 
     -    -21  -6672  -7714   -894  -1115   -701  -1378      *      * 
    29   -481  -1191   -581   -129  -1337  -1497   -203   1705   1180  -1100   -390   1603  -1621    108    -51   -551   -423   -586  -1529  -1037   212
     -   -149   -500    233     43   -381    399    106   -626    210   -466   -720    275    394     45     96    359    117   -369   -294   -249 
     -    -21  -6672  -7714   -894  -1115   -701  -1378      *      * 
    30  -2089  -2190  -2567  -2787  -3372  -2253  -2663  -3607  -2895  -3590  -3215  -2612   4122  -2846  -2839  -2316  -2418  -3135  -2975  -3234   216
     -   -149   -500    233     43   -381    399    106   -626    210   -466   -720    275    394     45     96    359    117   -369   -294   -249 
     -    -21  -6672  -7714   -894  -1115   -701  -1378      *      * 
    31   -951  -2110   -163    -17  -2559  -1526   -316  -2294   1847  -2226  -1457   2867  -1783     71    139   -829   -912  -1915  -2285  -1748   219
     -   -149   -500    233     43   -381    399    106   -626    210   -466   -720    275    394     45     96    359    117   -369   -294   -249 
     -    -21  -6672  -7714   -894  -1115   -701  -1378      *      * 
    32  -1172  -2841   2864    881  -3135   1398   -564  -2993   -686  -2923  -2197     97  -1762   -220  -1438   -898  -1227  -2504  -3122  -2220   222
     -   -149   -500    233     43   -381    399    106   -626    210   -466   -720    275    394     45     96    359    117   -369   -294   -249 
     -    -21  -6672  -7714   -894  -1115   -701  -1378      *      * 
    33   -496  -1133   -942   -350  -1308  -1537   -237   -907    332    706   -383   -478  -1665     59   2084    684   -453   -716  -1484  -1029   223
     -   -149   -500    233     43   -381    399    106   -626    210   -466   -720    275    394     45     96    359    117   -369   -294   -249 
     -   -987  -6672  -1042   -894  -1115   -701  -1378      *      * 
    34   -739  -1674   3099    522  -2058   -871   -318  -1987   -430  -2103  -1532    194  -1349    -66   -989   -605   -836  -1640  -2013  -1503   224
     -   -149   -500    233     43   -381    399    106   -626    210   -466   -720    275    394     45     96    359    117   -369   -294   -249 
     -    -41  -5726  -6768   -894  -1115  -1651   -553      *      * 
    35   -655  -1573    585   2692  -1912   -947   -196  -1642     -5  -1773  -1187    150  -1351     94   -405   -552   -701  -1360  -1872  -1384   225
     -   -149   -500    233     43   -381    399    106   -626    210   -466   -720    275    394     45     96    359    117   -369   -294   -249 
     -    -41  -5726  -6768   -894  -1115  -1651   -553      *      * 
    36   -655  -1573    585   2692  -1912   -947   -196  -1642     -5  -1773  -1187    150  -1351     94   -405   -552   -701  -1360  -1872  -1384   226
     -   -149   -500    233     43   -381    399    106   -626    210   -466   -720    275    394     45     96    359    117   -369   -294   -249 
     -    -41  -5726  -6768   -894  -1115  -1651   -553      *      * 
    37    316   -303   -513   -508  -1405   -480   -608  -1226   -534  -1517   -856   -328  -1083   -465   -738   2415      7   -713  -1670  -1176   256
     -   -149   -500    233     43   -381    399    106   -626    210   -466   -720    275    394     45     96    359    117   -369   -294   -249 
     -    -41  -5726  -6768   -894  -1115  -1651   -553      *      * 
    38   -690  -1373   -443   -126  -1784  -1239    -24  -1461   2755  -1508   -902   -251  -1477    305    738   -678   -652  -1219  -1545  -1207   257
     -   -149   -500    233     43   -381    399    106   -626    210   -466   -720    275    394     45     96    359    117   -369   -294   -249 
     -    -41  -5726  -6768   -894  -1115  -1651   -553      *      * 
    39   -739  -1674   3099    522  -2058   -871   -318  -1987   -430  -2103  -1532    194  -1349    -66   -989   -605   -836  -1640  -2013  -1503   258
     -   -149   -500    233     43   -381    399    106   -626    210   -466   -720    275    394     45     96    359    117   -369   -294   -249 
     -    -41  -5726  -6768   -894  -1115   -320  -2328      *      * 
    40   1581   -993   -608   -253   -883  -1363   -308   -889   -209  -1109   -393   1203  -1596   -125   -576   -465   -376   -659  -1257   2042   259
     -   -149   -500    233     43   -381    399    106   -626    210   -466   -720    275    394     45     96    359    117   -369   -294   -249 
     -    -21  -6672  -7714   -894  -1115   -701  -1378      *      * 
    41  -2228  -1908  -3555  -3373   -604  -3255  -2515    -62  -2963   2976    358  -3207  -3275  -2644  -2802  -2988  -2232   -567  -1904  -1643   260
     -   -149   -500    233     43   -381    399    106   -626    210   -466   -720    275    394     45     96    359    117   -369   -294   -249 
     -    -21  -6672  -7714   -894  -1115   -701  -1378      *      * 
    42    -95   -754  -1384  -1472  -2726   2664  -1613  -2530  -1706  -2741  -1895  -1061  -1628  -1454  -1884   1760   -486  -1628  -2899  -2568   262
     -   -149   -500    233     43   -381    399    106   -626    210   -466   -720    275    394     45     96    359    117   -369   -294   -249 
     -    -21  -6672  -7714   -894  -1115   -701  -1378      *      * 
    43  -2018  -1630  -3723  -3361   3265  -3458  -1270     50  -3022   1715    546  -2801  -3225  -2332  -2771  -2684  -1937   -433   -563    326   266
     -   -149   -500    233     43   -381    399    106   -626    210   -466   -720    275    394     45     96    359    117   -369   -294   -249 
     -    -21  -6672  -7714   -894  -1115   -701  -1378      *      * 
    44  -2947  -2188  -3665  -3789   3624  -3544    -51  -1910  -3392  -1410  -1399  -2317  -3449  -2380  -2935  -2775  -2841  -2045    677   3229   268
     -   -149   -500    233     43   -381    399    106   -626    210   -466   -720    275    394     45     96    359    117   -369   -294   -249 
     -    -21  -6672  -7714   -894  -1115   -701  -1378      *      * 
    45  -2228  -1908  -3555  -3373   -604  -3255  -2515    -62  -2963   2976    358  -3207  -3275  -2644  -2802  -2988  -2232   -567  -1904  -1643   270
     -   -149   -500    233     43   -381    399    106   -626    210   -466   -720    275    394     45     96    359    117   -369   -294   -249 
     -    -21  -6672  -7714   -894  -1115   -701  -1378      *      * 
    46   -966  -1471  -1127   -735   -948  -1921   -628   -645   -139   1150   -167   -872  -2054   2991   -328  -1101   -922   -754  -1545  -1017   273
     -   -149   -500    233     43   -381    399    106   -626    210   -466   -720    275    394     45     96    359    117   -369   -294   -249 
     -    -21  -6672  -7714   -894  -1115   -701  -1378      *      * 
    47   -929   4340  -2972  -2571   -661  -2180  -1684    262  -2135   1440    169  -2116  -2452  -1919  -2071  -1481  -1027    180  -1555  -1153   278
     -   -149   -500    233     43   -381    399    106   -626    210   -466   -720    275    394     45     96    359    117   -369   -294   -249 
     -    -21  -6672  -7714   -894  -1115   -701  -1378      *      * 
    48   -491  -1034   -847   -708  -1474  -1412   -860   -568   -726  -1313   -755   2883  -1817   -670  -1019   -683   -631   1570  -1895  -1334   280
     -   -149   -500    233     43   -381    399    106   -626    210   -466   -720    275    394     45     96    359    117   -369   -294   -249 
     -    -21  -6672  -7714   -894  -1115   -701  -1378      *      * 
    49    -95   -754  -1384  -1472  -2726   2664  -1613  -2530  -1706  -2741  -1895  -1061  -1628  -1454  -1884   1760   -486  -1628  -2899  -2568   281
     -   -149   -500    233     43   -381    399    106   -626    210   -466   -720    275    394     45     96    359    117   -369   -294   -249 
     -    -21  -6672  -7714   -894  -1115   -701  -1378      *      * 
    50   -728   3309   -634   2634  -1984  -1491   -782  -1487   -550  -1811  -1138   -657  -1849   -503   -903   -801   -819  -1208  -2134  -1671   282
     -   -149   -500    233     43   -381    399    106   -626    210   -466   -720    275    394     45     96    359    117   -369   -294   -249 
     -    -21  -6672  -7714   -894  -1115   -701  -1378      *      * 
    51  -1468  -2069   -762   -997  -2634  -1768  -1516  -3059  -1508  -3127  -2580   4001  -2312  -1391  -1789  -1503  -1700  -2572  -2658  -2191   284
     -   -149   -500    233     43   -381    399    106   -626    210   -466   -720    275    394     45     96    359    117   -369   -294   -249 
     -   -394  -6672  -2125   -894  -1115   -701  -1378      *      * 
    52   -903  -2474   2815    666  -2752  -1050   -334  -2658   -426  -2617  -1892   1909  -1529      4  -1137   -653   -962  -2182  -2769  -1897   285
     -   -149   -500    233     43   -381    399    106   -626    210   -466   -720    275    394     45     96    359    117   -369   -294   -249 
     -    -27  -6306  -7348   -894  -1115  -1222   -808      *      * 
    53    -86   -691  -1154  -1220  -2067   -864  -1278  -1993  -1291  -2249  -1560   -907  -1522  -1177  -1443   3023   -445  -1338  -2288  -1857   286
     -   -149   -500    233     43   -381    399    106   -626    210   -466   -720    275    394     45     96    359    117   -369   -294   -249 
     -    -27  -6306  -7348   -894  -1115  -1222   -808      *      * 
    54     76   -606   -810   -750  -2044   -762   -926  -1797   -825  -2008  -1227   -584   2739   -707  -1084   1453   -233  -1159  -2238  -1802   287
     -   -149   -500    233     43   -381    399    106   -626    210   -466   -720    275    394     45     96    359    117   -369   -294   -249 
     -    -27  -6306  -7348   -894  -1115   -450  -1899      *      * 
    55   -333  -1321   -469    -15  -1903  -1263   -208  -1552   1602  -1644   -823   -214  -1496    178    -78    803   1861  -1173  -1903  -1365   311
     -   -149   -500    233     43   -381    399    106   -626    210   -466   -720    275    394     45     96    359    117   -369   -294   -249 
     -    -21  -6672  -7714   -894  -1115   -701  -1378      *      * 
    56   -695  -1064  -1762  -1506   -245  -1618   -751  -1300  -1160  -1418   -873  -1252  -2033  -1133  -1282   1512   -865  -1065   4870     98   312
     -   -149   -500    233     43   -381    399    106   -626    210   -466   -720    275    394     45     96    359    117   -369   -294   -249 
     -    -21  -6672  -7714   -894  -1115   -701  -1378      *      * 
    57   -669  -1816    211   1733  -2462  -1240   -479  -2216   -288  -2272  -1482   -111  -1641   -121   -781   2258   -751  -1757  -2481  -1812   313
     -   -149   -500    233     43   -381    399    106   -626    210   -466   -720    275    394     45     96    359    117   -369   -294   -249 
     -    -21  -6672  -7714   -894  -1115   -701  -1378      *      * 
    58   -612   4317  -3021  -2710  -1235  -1868  -1957    604  -2367   -636   -328  -2042  -2309  -2144  -2314  -1171   -800   1983  -2030  -1641   318
     -   -149   -500    233     43   -381    399    106   -626    210   -466   -720    275    394     45     96    359    117   -369   -294   -249 
     -    -21  -6672  -7714   -894  -1115   -701  -1378      *      * 
    59   -591  -1590   -515    -17  -1335  -1510    -70  -1498    477  -1537   -768   2127  -1619    259   1673   -546   -518  -1215  -1486   1416   322
     -   -149   -500    233     43   -381    399    106   -626    210   -466   -720    275    394     45     96    359    117   -369   -294   -249 
     -    -21  -6672  -7714   -894  -1115   -701  -1378      *      * 
    60   3260   -995  -2154  -2261  -2604  -1267  -2060  -2035  -2233  -2502  -1934  -1631  -1961  -2058  -2240   -724   -871  -1499  -2817  -2619   327
     -   -149   -500    233     43   -381    399    106   -626    210   -466   -720    275    394     45     96    359    117   -369   -294   -249 
     -  -1238  -6672   -821   -894  -1115   -701  -1378      *      * 
    61   -566   -491  -1866  -1563   -184  -1882  -1138   2435  -1223    635    680  -1451  -2042  -1176  -1315  -1223   -606   1269  -1185   -708   328
     -   -149   -500    233     43   -381    399    106   -626    210   -466   -720    275    394     45     96    359    117   -369   -294   -249 
     -    -49  -5483  -6525   -894  -1115  -1763   -504      *      * 
    62   2107   -120   -657   -607  -1130   -438   -597   -344   -538   -883   -399   -367  -1021   -479   -702    169    105    -51  -1496  -1108   335
     -   -149   -500    233     43   -381    399    106   -626    210   -466   -720    275    394     45     96    359    117   -369   -294   -249 
     -    -49  -5483  -6525   -894  -1115   -294  -2440      *      * 
    63   -510  -1545   -391   1045  -1776  -1447    -72    925   2040  -1455   -682   -157  -1553    320    177   -470   -435  -1027  -1766  -1233   336
     -   -149   -500    233     43   -381    399    106   -626    210   -466   -720    275    394     45     96    359    117   -369   -294   -249 
     -    -21  -6672  -7714   -894  -1115   -701  -1378      *      * 
    64   1575   -608  -2296  -1763   1928  -2060   -909    294  -1492    985    520  -1528  -2139  -1210  -1521  -1165   -620    232   -850   -332   342
     -   -149   -500    233     43   -381    399    106   -626    210   -466   -720    275    394     45     96    359    117   -369   -294   -249 
     -    -21  -6672  -7714   -894  -1115   -701  -1378      *      * 
    65   -783  -2036   -543   1871  -2480  -1586    -56  -2110   1854  -1980  -1153   -232  -1673    379   1527   -658   -670  -1737  -2044  -1560   344
     -   -149   -500    233     43   -381    399    106   -626    210   -466   -720    275    394     45     96    359    117   -369   -294   -249 
     -    -21  -6672  -7714   -894  -1115   -701  -1378      *      * 
    66  -2037  -1641  -3916  -3471   2290  -3630  -1754    229  -3151   2441    782  -3077  -3292  -2419  -2885  -2856  -1942   -336   -993   -307   350
     -   -149   -500    233     43   -381    399    106   -626    210   -465   -720    275    394     45     97    359    117   -369   -294   -249 
     -   -150  -3412  -7714   -959  -1042   -701  -1378      *      * 
    67   -817  -1928   -845   -180  -2418  -1658    -82  -2016   1915  -1912  -1107   -357  -1728    345   2041   1141   -702  -1672  -1983  -1554   355
     -   -149   -500    233     43   -381    399    106   -626    210   -466   -720    275    394     45     96    359    117   -369   -294   -249 
     -    -21  -6672  -7714   -894  -1115   -701  -1378      *      * 
    68  -1000   3017  -3237  -2679   -492  -2717  -1719   2025  -2357   1478    502  -2331  -2666  -1992  -2248  -1859   -956    859  -1456  -1156   357
     -   -149   -500    233     43   -381    399    106   -626    210   -466   -720    275    394     45     96    359    117   -369   -294   -249 
     -    -21  -6672  -7714   -894  -1115   -701  -1378      *      * 
    69   -674  -1485   -825   -222  -1499  -1635   2547  -1264   1832    641   -620   -394  -1704    217    385   -682   -575  -1051  -1559  -1041   361
     -   -149   -500    233     43   -381    399    106   -626    210   -466   -720    275    394     45     96    359    117   -369   -294   -249 
     -    -21  -6672  -7714   -894  -1115   -701  -1378      *      * 
    70   -431   2921   -548    -71  -1742  -1374   -189  -1373   1643  -1500   -713   1687  -1559    178     45   -443   -419  -1066  -1773  -1260   368
     -   -149   -500    233     43   -381    399    106   -626    210   -466   -720    275    394     45     96    359    117   -369   -294   -249 
     -    -21  -6672  -7714   -894  -1115   -701  -1378      *      * 
    71   1255  -1120   -500   -160  -1649  -1216   2750  -1373    -85  -1531   -749   -320   1481    -55   -466   -351   -366  -1021  -1820  -1270   373
     -   -149   -500    233     43   -381    399    106   -626    210   -466   -720    275    394     45     96    359    117   -369   -294   -249 
     -    -21  -6672  -7714   -894  -1115   -701  -1378      *      * 
    72   -922  -2339   1941    287  -2677  -1382   -347  -2448   2556  -2388  -1591    -42  -1700     42   -427   -738   -903  -2027  -2510  -1833   387
     -   -149   -500    233     43   -381    399    106   -626    210   -466   -720    275    394     45     96    359    117   -369   -294   -249 
     -    -21  -6672  -7714   -894  -1115   -701  -1378      *      * 
    73   1524   -959   -988   -419  -1138  -1499   -317   -638    105    344   -220   -529  -1652    -58   1569   -557   -386   -475  -1416   -974   390
     -   -149   -500    233     43   -381    399    106   -626    210   -466   -720    275    394     45     96    359    117   -369   -294   -249 
     -    -21  -6672  -7714   -894  -1115   -701  -1378      *      * 
    74   -650  -2212   1691   1865  -2490  -1238   -169  -2273     60  -2211  -1347    146    277   1581   -519   -466   -623  -1817  -2393  -1632   398
     -   -149   -500    233     43   -381    399    106   -626    210   -466   -720    275    394     45     96    359    117   -369   -294   -249 
     -    -21  -6672  -7714   -894  -1115   -701  -1378      *      * 
    75    719  -1505    -56   1486  -1990  -1192   -128  -1695    190  -1746   -889     -5   1296    279   -302    606   -331  -1283  -1994  -1362   399
     -   -149   -500    233     43   -381    399    106   -626    210   -466   -720    275    394     45     96    359    117   -369   -294   -249 
     -   -401  -6672  -2102   -894  -1115   -701  -1378      *      * 
    76   -141   -992   -275     67  -1531  -1063   -158  -1164    183  -1323   -550   -110   1451    953   -186   -191   1657   -831  -1668  -1144   400
     -   -149   -500    233     43   -381    399    106   -626    210   -466   -720    275    394     45     96    359    117   -369   -294   -249 
     -   -535  -6299  -1752   -894  -1115  -1229   -803      *      * 
    77   1721   -269   -616   -439  -1453   -526   -524   -960   -408  -1289   -580   -293   1520   -310   -671    183    101   -512  -1710  -1297   410
     -   -149   -500    233     43   -381    399    106   -626    210   -466   -720    275    394     45     96    359    117   -369   -294   -249 
     -    -39  -5803  -6845   -894  -1115   -331  -2286      *      * 
    78    704   -864   -907   -405   2130  -1503   -296   -515   1411   -764   -106   -522  -1646   -124   -382   -553   -352   -360  -1157   -605   411
     -   -149   -500    233     43   -381    399    106   -626    210   -466   -720    275    394     45     96    359    117   -369   -294   -249 
     -    -21  -6672  -7714   -894  -1115   -701  -1378      *      * 
    79   1291   -964   -876   -385  -1656  -1209   -436  -1239    -52  -1448   -675   -463  -1529   -120   1173   -328   1984   -894  -1809  -1342   412
     -   -149   -500    233     43   -381    399    106   -626    210   -466   -720    275    394     45     96    359    117   -369   -294   -249 
     -    -21  -6672  -7714   -894  -1115   -701  -1378      *      * 
    80   -967  -1785  -1271   -469  -2124  -1840   -143  -1659   1644  -1640   2507   -571  -1864    247   2393   -941   -817  -1432  -1823  -1473   414
     -   -149   -500    233     43   -381    399    106   -626    210   -466   -720    275    394     45     96    359    117   -369   -294   -249 
     -    -21  -6672  -7714   -894  -1115   -701  -1378      *      * 
    81   1435  -1635   -163   1450  -1987  -1313    -58  -1660    420  -1693   -852    -35  -1472    356   1152   -353   -387  -1296  -1918  -1321   415
     -   -149   -500    233     43   -381    399    106   -626    210   -466   -720    275    394     45     96    359    117   -369   -294   -249 
     -    -21  -6672  -7714   -894  -1115   -701  -1378      *      * 
    82   -457  -1682   -399    165  -2059  -1388      5  -1729   1159  -1707   -855    -86    659    435   1695   1063   -388  -1356  -1878  -1319   416
     -   -149   -500    233     43   -381    399    106   -626    210   -466   -720    275    394     45     96    359    117   -369   -294   -249 
     -    -21  -6672  -7714   -894  -1115   -701  -1378      *      * 
    83   -851  -1032  -1529  -1144   -836  -2047   -907   2575   -649   -257     19  -1189  -2172   1916   -809  -1220   -826    195  -1502  -1047   417
     -   -149   -500    233     43   -381    399    106   -626    210   -466   -720    275    394     45     96    359    117   -369   -294   -249 
     -    -21  -6672  -7714   -894  -1115   -701  -1378      *      * 
    84  -1561  -2359  -1920   -885  -3078  -2171   -222  -2501   2879  -2229  -1532   -867  -2157    196   2287  -1452  -1311  -2244  -2125  -1944   418
     -   -149   -500    233     43   -381    399    106   -626    210   -466   -720    275    394     45     96    359    117   -369   -294   -249 
     -   -987  -6672  -1042   -894  -1115   -701  -1378      *      * 
    85   2453   -240   -902   -862  -1371   -552   -824   -621   -800  -1149   -637   -561  -1157   -717   -947     52    -28   -286  -1712  -1351   429
     -   -149   -500    233     43   -381    399    106   -626    210   -466   -720    275    394     45     96    359    117   -369   -294   -249 
     -    -41  -5726  -6768   -894  -1115   -320  -2328      *      * 
    86  -2163  -2036  -2259  -2099   1100  -2844   4147  -1906  -1688  -1575  -1365  -1677  -2905  -1511  -1725  -2082  -2097  -1894    406   3076   430
     -   -149   -500    233     43   -381    399    106   -626    210   -466   -720    275    394     45     96    359    117   -369   -294   -249 
     -    -21  -6672  -7714   -894  -1115   -701  -1378      *      * 
    87   -809   -815  -2150  -1520   -424  -2219   -945   1338   -873   1646    525  -1452  -2210   -935   1473  -1298   -738    195  -1199   -875   431
     -   -149   -500    233     43   -381    399    106   -626    210   -466   -720    275    394     45     96    359    117   -369   -294   -249 
     -    -21  -6672  -7714   -894  -1115   -701  -1378      *      * 
    88  -2605  -2164  -3410  -3518   4186  -3034   -940  -1504  -3300  -1072  -1142  -2698  -3246  -2697  -2999  -2815  -2670  -1743   -274    806   441
     -   -149   -500    233     43   -381    399    106   -626    210   -466   -720    275    394     45     96    359    117   -369   -294   -249 
     -    -21  -6672  -7714   -894  -1115   -701  -1378      *      * 
    89   -474   2306  -2403  -1853    -46  -1924   -752    405  -1518   -157    385  -1479  -2030  -1229  -1471  -1035   -452   1634   -637   2645   443
     -   -149   -500    233     43   -381    399    106   -626    210   -466   -720    275    394     45     96    359    117   -369   -294   -249 
     -    -21  -6672  -7714   -894  -1115   -701  -1378      *      * 
    90    876  -1196   -424    -76  -1975  -1147   -356  -1659    -21  -1765   -935   -249  -1475   1981   -431   1721   -340  -1215  -2037  -1480   448
     -   -149   -500    233     43   -381    399    106   -626    210   -466   -720    275    394     45     96    359    117   -369   -294   -249 
     -    -21  -6672  -7714   -894  -1115   -701  -1378      *      * 
    91   -936  -1851   -679   -416  -2634   1389   -529  -2320   2771  -2286  -1525   -579  -1883   -156     50   -906   -961  -1908  -2319  -1920   449
     -   -149   -500    233     43   -381    399    106   -626    210   -466   -720    275    394     45     96    359    117   -369   -294   -249 
     -   -394  -6672  -2125   -894  -1115   -701  -1378      *      * 
    92   1019  -1548    345   2312  -2074  -1075   -229  -1662     -8  -1831  -1076     77  -1433    129   -485   -381   -501  -1295  -2133  -1498   461
     -   -149   -500    233     43   -381    399    106   -626    210   -466   -720    275    394     45     96    359    117   -369   -294   -249 
     -    -27  -6306  -7348   -894  -1115   -450  -1899      *      * 
    93   -951  -2110   -163    -17  -2559  -1526   -316  -2294   1847  -2226  -1457   2867  -1783     71    139   -829   -912  -1915  -2285  -1748   462
     -   -149   -500    233     43   -381    399    106   -626    210   -466   -720    275    394     45     96    359    117   -369   -294   -249 
     -    -21  -6672  -7714   -894  -1115   -701  -1378      *      * 
    94  -2059  -2867   3860   -532  -3452  -1877  -1516  -3665  -1847  -3616  -3145   -882  -2414  -1318  -2469  -1872  -2198  -3236  -3167  -2847   463
     -   -149   -500    233     43   -381    399    106   -626    210   -466   -720    275    394     45     96    359    117   -369   -294   -249 
     -    -21  -6672  -7714   -894  -1115   -701  -1378      *      * 
    95  -3055  -2224  -3759  -3928   2484  -3606    -10  -2066  -3509  -1556  -1532  -2329  -3490  -2414  -2995  -2823  -2933  -2172   4038   3641   468
     -   -149   -500    233     43   -381    399    106   -626    210   -466   -720    275    394     45     96    359    117   -369   -294   -249 
     -    -21  -6672  -7714   -894  -1115   -701  -1378      *      * 
    96  -1814  -2025  -2478  -2748  -3577   3650  -2700  -3847  -3052  -3864  -3354  -2492  -2699  -2874  -2984  -2040  -2187  -3148  -3081  -3439   477
     -   -149   -500    233     43   -381    399    106   -626    210   -466   -720    275    394     45     96    359    117   -369   -294   -249 
     -    -21  -6672  -7714   -894  -1115   -701  -1378      *      * 
    97  -2984  -2211  -3668  -3802   2845  -3558    -44  -1958  -3405  -1449  -1443  -2319  -3462  -2386  -2945  -2790  -2877  -2090    685   4002   479
     -   -149   -500    233     43   -381    399    106   -626    210   -466   -720    275    394     45     96    359    117   -369   -294   -249 
     -    -21  -6672  -7714   -894  -1115   -701  -1378      *      * 
    98   -363  -1246   -529      2  -1501  -1375   -111  -1114   1532  -1261   1718   -211  -1509    246     15   1471   -324   -853  -1607  -1090   481
     -   -149   -500    233     43   -381    399    106   -626    210   -466   -720    275    394     45     96    359    117   -369   -294   -249 
     -    -21  -6672  -7714   -894  -1115   -701  -1378      *      * 
    99   -951  -2110   -163    -17  -2559  -1526   -316  -2294   1847  -2226  -1457   2867  -1783     71    139   -829   -912  -1915  -2285  -1748   482
     -   -149   -500    233     43   -381    399    106   -626    210   -466   -720    275    394     45     96    359    117   -369   -294   -249 
     -    -21  -6672  -7714   -894  -1115   -701  -1378      *      * 
   100  -2605  -2164  -3410  -3518   4186  -3034   -940  -1504  -3300  -1072  -1142  -2698  -3246  -2697  -2999  -2815  -2670  -1743   -274    806   505
     -   -149   -500    233     43   -381    399    106   -626    210   -466   -720    275    394     45     96    359    117   -369   -294   -249 
     -    -21  -6672  -7714   -894  -1115   -701  -1378      *      * 
   101  -1608  -1307  -3432  -3238  -1179  -3095  -2687   3474  -2941   -191   -206  -2987  -3216  -2818  -2915  -2635  -1653    832  -2363  -1952   507
     -   -149   -500    233     43   -381    399    106   -626    210   -466   -720    275    394     45     96    359    117   -369   -294   -249 
     -    -21  -6672  -7714   -894  -1115   -701  -1378      *      * 
   102   -293  -1155   -728   -228  -1840  -1248   -320  -1478    176  -1603   -800   -359  -1526     40   1666    853   1940  -1099  -1884  -1390   511
     -   -149   -500    233     43   -381    399    106   -626    210   -466   -720    275    394     45     96    359    117   -369   -294   -249 
     -    -21  -6672  -7714   -894  -1115   -701  -1378      *      * 
   103   -615   -839  -1561   -900   -440  -1828   -364   -352    -68   -467   2014   -887  -1879   -329   1600   -894   -537   -286   3801   -324   515
     -   -149   -500    233     43   -381    399    106   -626    210   -466   -720    275    394     45     96    359    117   -369   -294   -249 
     -    -21  -6672  -7714   -894  -1115   -701  -1378      *      * 
   104   -657  -2122   1819    441  -2446  -1243   -216  -2222      8  -2189  -1344    102  -1539   2470   -551    799   -647  -1780  -2383  -1643   519
     -   -149   -500    233     43   -381    399    106   -626    210   -466   -720    275    394     45     96    359    117   -369   -294   -249 
     -    -21  -6672  -7714   -894  -1115   -701  -1378      *      * 
   105   -928  -1624   -415   2500   2047  -1684   -459  -1207   -518  -1250   -773   -534  -1926   -386   -916   -943   -914  -1093  -1197   -333   525
     -   -149   -500    233     43   -381    399    106   -626    210   -466   -720    275    394     45     96    359    117   -369   -294   -249 
     -    -21  -6672  -7714   -894  -1115   -701  -1378      *      * 
   106  -2228  -1908  -3555  -3373   -604  -3255  -2515    -62  -2963   2976    358  -3207  -3275  -2644  -2802  -2988  -2232   -567  -1904  -1643   529
     -   -149   -500    233     43   -381    399    106   -626    210   -466   -720    275    394     45     96    359    117   -369   -294   -249 
     -  -1244  -6672   -816   -894  -1115   -701  -1378      *      * 
   107   -705   -695  -1630  -1366    129  -1734   -850    789   -942   2013    847  -1293  -1909   -938  -1009  -1184   -741    576   -835   -321   530
     -   -149   -500    233     43   -381    399    106   -626    210   -466   -720    275    394     45     96    359    117   -369   -294   -249 
     -    -49  -5477  -6519   -894  -1115  -1765   -503      *      * 
   108   -116   -834    381    303  -1163   -655    -96  -1215     86  -1425   -819   2588  -1117    106   -216   -154   -270   -869  -1357   -749   534
     -   -149   -500    233     43   -381    399    106   -626    210   -466   -720    275    394     45     96    359    117   -369   -294   -249 
     -    -49  -5477  -6519   -894  -1115  -1765   -503      *      * 
   109   -106   -503   -461   -469  -1276   -628   -534  -1085   -453  -1263   -788   -440   2926   -455   -613   -281   -341   -774  -1312  -1100   535
     -   -149   -500    233     43   -381    399    106   -626    210   -466   -720    275    394     45     96    359    117   -369   -294   -249 
     -    -49  -5477  -6519   -894  -1115   -293  -2442      *      * 
   110   -373  -1636   1020    353  -1872  -1278      8  -1566    771    358   -755     55  -1413   2040    -55   -282   -315  -1215  -1851  -1222   536
     -   -149   -500    233     43   -381    399    106   -626    210   -466   -720    275    394     45     96    359    117   -369   -294   -249 
     -   -805  -6672  -1260   -894  -1115   -701  -1378      *      * 
   111   -949  -1890   3302    377  -2303  -1024   -501  -2276   -651  -2363  -1802     42  -1514   -254  -1229   -800  -1053  -1913  -2221  -1727   537
     -   -149   -500    233     43   -381    399    106   -626    210   -466   -720    275    394     45     96    359    117   -369   -294   -249 
     -    -36  -5904  -6946   -894  -1115  -1549   -603      *      * 
   112    289   -409   -439   -317  -1635   -563   -507  -1350   -358  -1567   -798   -238   2060   -264   -650   1426     23   -805  -1836  -1371   538
     -   -149   -500    233     43   -381    399    106   -626    210   -466   -720    275    394     45     96    359    117   -369   -294   -249 
     -    -36  -5904  -6946   -894  -1115  -1549   -603      *      * 
   113   -630  -2224   2167   2008  -2457   -846    -38  -2269    -50  -2239  -1489    529  -1280    319   -723   -383   -655  -1828  -2435  -1602   539
     -   -149   -500    233     43   -381    399    106   -626    210   -466   -720    275    394     45     96    359    117   -369   -294   -249 
     -    -36  -5904  -6946   -894  -1115   -347  -2226      *      * 
   114   -733  -2272   2024    453  -2563  -1270   -218  -2342   1869  -2277  -1432   1460  -1566    188   -498   -545   -711  -1893  -2448  -1701   540
     -   -149   -500    233     43   -381    399    106   -626    210   -466   -720    275    394     45     96    359    117   -369   -294   -249 
     -    -21  -6672  -7714   -894  -1115   -701  -1378      *      * 
   115     78  -1433   -167   1328  -1645  -1250   1704  -1331    423  -1406   -558     59  -1352    473    -58    509    165  -1001  -1684    998   547
     -   -149   -498    233     43   -381    399    106   -626    211   -466   -720    275    394     45     96    359    117   -369   -294   -249 
     -    -91  -4156  -7714  -1252   -786   -701  -1378      *      * 
   116   1228   -973  -2361  -1935   1967  -2292   -281   -519  -1675   -644   -184  -1522  -2362  -1313  -1682  -1396  -1015   -470    123   3141   551
     -   -149   -500    233     43   -381    399    106   -626    210   -466   -720    275    394     45     96    359    117   -369   -294   -249 
     -   -987  -6672  -1042   -894  -1115   -701  -1378      *      * 
   117   -321  -1050    248    145  -1418   -821   -294  -1522   -131  -1703  -1094   3025  -1294    -90   -443   -348   -482  -1151  -1583   -984   552
     -   -149   -500    233     43   -381    399    106   -626    210   -466   -720    275    394     45     96    359    117   -369   -294   -249 
     -    -41  -5726  -6768   -894  -1115  -1651   -553      *      * 
   118   -296   -689   -787   -913  -1924   3011  -1024  -1872  -1104  -2060  -1483   -796  -1353   -998  -1224   -484   -607  -1352  -1763  -1726   561
     -   -149   -500    233     43   -381    399    106   -626    210   -466   -720    275    394     45     96    359    117   -369   -294   -249 
     -    -41  -5726  -6768   -894  -1115  -1651   -553      *      * 
   119   -983   -898  -2031  -1766     37  -2053  -1172    686  -1340   2317    836  -1669  -2183  -1276  -1367  -1528  -1007    408  -1020   -564   562
     -   -149   -500    233     43   -381    399    106   -626    210   -466   -720    275    394     45     96    359    117   -369   -294   -249 
     -    -41  -5726  -6768   -894  -1115   -320  -2328      *      * 
   120  -1320   -995  -3594  -3031   -438  -3141  -2094   1266  -2744   1579   2358  -2738  -2956  -2264  -2594  -2296  -1255   2073  -1640  -1444   563
     -   -149   -500    233     43   -381    399    106   -626    210   -466   -720    275    394     45     96    359    117   -369   -294   -249 
     -    -21  -6672  -7714   -894  -1115   -701  -1378      *      * 
   121   -362  -1689   1072    411  -1927  -1240   2444  -1662    351   -977   -817    527   1130    428   -154   -257   -312  -1283  -1906  -1241   564
     -   -149   -500    233     43   -381    399    106   -626    210   -466   -720    275    394     45     96    359    117   -369   -294   -249 
     -    -21  -6672  -7714   -894  -1115   -701  -1378      *      * 
   122  -1075  -2573    571   1866  -2879  -1318   -506  -2726   -425  -2685  -1939   3004  -1752   -153  -1005   -850  -1110  -2276  -2834  -2038   566
     -   -149   -500    233     43   -381    399    106   -626    210   -466   -720    275    394     45     96    359    117   -369   -294   -249 
     -    -21  -6672  -7714   -894  -1115   -701  -1378      *      * 
   123   -974  -2509   2093    444  -2919   1612   -486  -2754   -503  -2703  -1927   1956  -1692   -126  -1185   -756  -1026  -2259  -2899  -2058   568
     -   -149   -500    233     43   -381    399    106   -626    210   -466   -720    275    394     45     96    359    117   -369   -294   -249 
     -    -21  -6672  -7714   -894  -1115   -701  -1378      *      * 
   124   -566  -1511   -530   -226  -2275  -1356   -393  -1967   1776  -2006  -1214   -385  -1666    -20     -9   2212   -628  -1538  -2159  -1657   571
     -   -149   -500    233     43   -381    399    106   -626    210   -466   -720    275    394     45     96    359    117   -369   -294   -249 
     -    -21  -6672  -7714   -894  -1115   -701  -1378      *      * 
   125  -1671  -1276  -3910  -3426   -567  -3626  -2664   2859  -3131   1634    562  -3227  -3342  -2670  -3012  -2867  -1618    788  -2013  -1810   573
     -   -149   -500    233     43   -381    399    106   -626    210   -466   -720    275    394     45     96    359    117   -369   -294   -249 
     -    -21  -6672  -7714   -894  -1115   -701  -1378      *      * 
   126   -665  -1148  -2040  -2098  -2442  -1424  -1936  -1850  -1956  -2305  -1815  -1645  -2071  -1911  -2001   -909   3609  -1444  -2672  -2426   575
     -   -149   -500    233     43   -381    399    106   -626    210   -466   -720    275    394     45     96    359    117   -369   -294   -249 
     -    -21  -6672  -7714   -894  -1115   -701  -1378      *      * 
   127  -1846  -1443  -4034  -3518   -370  -3746  -2662   2072  -3209   2384    774  -3349  -3372  -2615  -3022  -2983  -1770    428  -1884  -1772   576
     -   -149   -500    233     43   -381    399    106   -626    210   -466   -720    275    394     45     96    359    117   -369   -294   -249 
     -    -21  -6672  -7714   -894  -1115   -701  -1378      *      * 
   128   -928  -1624   -415   2500   2047  -1684   -459  -1207   -518  -1250   -773   -534  -1926   -386   -916   -943   -914  -1093  -1197   -333   577
     -   -149   -500    233     43   -381    399    106   -626    210   -466   -720    275    394     45     96    359    117   -369   -294   -249 
     -    -21  -6672  -7714   -894  -1115   -701  -1378      *      * 
   129   -756   3193  -3161  -2804  -1203  -2163  -2070    897  -2491   -532   -240  -2226  -2506  -2267  -2449  -1446   -887   2747  -2066  -1673   578
     -   -149   -500    233     43   -381    399    106   -626    210   -466   -720    275    394     45     96    359    117   -369   -294   -249 
     -   -246  -6672  -2767   -894  -1115   -701  -1378      *      * 
   130   -803  -2068    345   1867  -2056  -1294   3459  -2095    100  -2077  -1323     24  -1604    119   -310   -648   -782  -1738  -2095  -1378   579
     -   -149   -500    233     43   -381    399    106   -626    210   -466   -720    275    394     45     96    359    117   -369   -294   -249 
     -    -25  -6451  -7493   -894  -1115  -1052   -950      *      * 
   131  -1073   -973  -2881  -2728  -1268  -2372  -2284    922  -2470   -448   -340  -2375  -2697  -2389  -2487  -1832  -1202   3218  -2264  -1825   580
     -   -149   -500    233     43   -381    399    106   -626    210   -466   -720    275    394     45     96    359    117   -369   -294   -249 
     -   -766  -6451  -1320   -894  -1115  -1052   -950      *      * 
   132    316   -303   -513   -508  -1405   -480   -608  -1226   -534  -1517   -856   -328  -1083   -465   -738   2415      7   -713  -1670  -1176   581
     -   -149   -500    233     43   -381    399    106   -626    210   -466   -720    275    394     45     96    359    117   -369   -294   -249 
     -    -41  -5726  -6768   -894  -1115   -320  -2328      *      * 
   133   -849   -762    726  -1703   -993  -2435  -1450   2224  -1600   -360     -4  -1695  -2477  -1435  -1812  -1551   -819   2152  -1772  -1349   583
     -      *      *      *      *      *      *      *      *      *      *      *      *      *      *      *      *      *      *      *      * 
     -      *      *      *      *      *      *      *      *      0 
//
