B4JLA3	284	1,3E-82
B3MXT1	280,2	1,7E-81
B4GXG9	280,1	1,9E-81
Q29HL8	280,1	1,9E-81
B4L5P2	279,3	3,4E-81
Q9VYQ8	277,8	9,1E-81
X2JEX7	277,8	9,1E-81
B4MG84	277,3	1,3E-80
B4ILB1	275,5	4,5E-80
B4R3L3	275,5	4,5E-80
B4NCQ4	272,6	3,5E-79
B4J1Z1	245,1	6,5E-71
A0A0L0BUU0	239	4,4E-69
C3Y768	236,9	1,9E-68
C3Y769	220,1	2,3E-63
C3XXM1	175,1	7,9E-50
A0A084VI71	174,8	9,8E-50
A0A0P8Y1H1	174,8	9,8E-50
A0A0P8YGX7	174,8	9,8E-50
A0A0Q9VZH9	174,8	9,8E-50
A0A0R3NH15	174,8	9,8E-50
A0A0Q9VZH1	174,8	9,8E-50
B0WEW0	174,8	9,8E-50
B4G4S2	174,8	9,8E-50
B3LYT1	174,8	9,8E-50
B4HF69	174,8	9,8E-50
B4R0J2	174,8	9,8E-50
B4JSB8	174,8	9,8E-50
B4NFQ5	174,8	9,8E-50
B4MB81	174,8	9,8E-50
B4KC14	174,8	9,8E-50
F5HK16	174,8	9,8E-50
I5ANU6	174,8	9,8E-50
I5ANU5	174,8	9,8E-50
Q179U2	174,8	9,8E-50
Q298W3	174,8	9,8E-50
Q7PGC0	174,8	9,8E-50
Q9VFP2	174,8	9,8E-50
W5JQK5	174,8	9,8E-50
A0A194PFB6	174,6	1,1E-49
A0A194RS66	174,6	1,1E-49
G6CX58	174,6	1,1E-49
H9JSI4	174,6	1,1E-49
A0A164U262	173,7	2E-49
E9GRU0	173,7	2E-49
T1JG19	173,7	2E-49
A0A026WL07	173,5	2,4E-49
A0A088A4J5	173,5	2,4E-49
A0A0J7P3X3	173,5	2,4E-49
A0A0L7QMN6	173,5	2,4E-49
A0A0T6BDC5	173,5	2,4E-49
A0A151WPY5	173,5	2,4E-49
A0A154PL41	173,5	2,4E-49
A0A158NMX7	173,5	2,4E-49
A0A139WMR0	173,5	2,4E-49
E2C6Z1	173,5	2,4E-49
E2AAC9	173,5	2,4E-49
E0VZ16	173,5	2,4E-49
E9IC39	173,5	2,4E-49
F4WTE4	173,5	2,4E-49
K7J2C0	173,5	2,4E-49
N6U5F7	173,5	2,4E-49
R4G7P9	173,5	2,4E-49
A0A0L8I7X4	172,5	4,8E-49
K1Q660	172,5	4,8E-49
B7PNE9	171,4	1E-48
A0A067RK91	171,2	1,2E-48
A0A154PQZ5	171	1,4E-48
T1JUD2	170,9	1,4E-48
E9IPM8	170,7	1,7E-48
T1G8Y0	170,1	2,5E-48
E2B1Q7	170	2,7E-48
V4ABW3	169,9	2,9E-48
U4U9K9	169,7	3,2E-48
H9JCR8	168,9	5,7E-48
A0A194QH05	168,3	8,9E-48
A0A132A9I6	168,1	9,6E-48
G6D0K3	167,7	1,3E-47
T1ED67	167,7	1,3E-47
A0A158P2W3	167,6	1,4E-47
F4W5Y2	167,6	1,4E-47
A0A194QRR5	167,4	1,6E-47
A0A151XHI5	167	2,1E-47
E2BIS3	167	2,1E-47
A0A026WG09	166,4	3,1E-47
C3YB95	166,3	3,4E-47
A0A183ISM5	166,3	3,5E-47
A0A087RIE9	165,1	7,9E-47
A0A091DWV1	165,1	7,9E-47
A0A091F1V4	165,1	7,9E-47
A0A091DJZ2	165,1	7,9E-47
A0A091HUK8	165,1	7,9E-47
A0A091HC00	165,1	7,9E-47
A0A091KQF9	165,1	7,9E-47
A0A091NBF8	165,1	7,9E-47
A0A091PKE9	165,1	7,9E-47
A0A091SG13	165,1	7,9E-47
A0A093BN42	165,1	7,9E-47
A0A093FSS7	165,1	7,9E-47
A0A093Q9C0	165,1	7,9E-47
A0A096P456	165,1	7,9E-47
A0A093EV11	165,1	7,9E-47
A0A0F8ARQ7	165,1	7,9E-47
A0A151P5M7	165,1	7,9E-47
B2RYD9	165,1	7,9E-47
D6RDG8	165,1	7,9E-47
D6RDV6	165,1	7,9E-47
E1C049	165,1	7,9E-47
E2RS90	165,1	7,9E-47
F6WLU9	165,1	7,9E-47
F6X846	165,1	7,9E-47
F6XVE8	165,1	7,9E-47
F7A1J9	165,1	7,9E-47
F7CEU7	165,1	7,9E-47
G1KDC7	165,1	7,9E-47
G1M0X8	165,1	7,9E-47
G1MTD7	165,1	7,9E-47
G1PH97	165,1	7,9E-47
G1TC83	165,1	7,9E-47
G3HJP9	165,1	7,9E-47
G3SS50	165,1	7,9E-47
G3W104	165,1	7,9E-47
G5C4P5	165,1	7,9E-47
G7PU91	165,1	7,9E-47
G1QS99	165,1	7,9E-47
H0VHR4	165,1	7,9E-47
H0X7R0	165,1	7,9E-47
H2LLW4	165,1	7,9E-47
H2QDD5	165,1	7,9E-47
H3AF59	165,1	7,9E-47
I3MAJ6	165,1	7,9E-47
I3IWH8	165,1	7,9E-47
L5JQE9	165,1	7,9E-47
L8Y5P4	165,1	7,9E-47
K7F9A1	165,1	7,9E-47
M3YVB9	165,1	7,9E-47
M3VYV6	165,1	7,9E-47
O43791	165,1	7,9E-47
Q0VCW1	165,1	7,9E-47
Q5NVK7	165,1	7,9E-47
Q6P8B3	165,1	7,9E-47
Q6ZWS8	165,1	7,9E-47
Q7T330	165,1	7,9E-47
S7PES9	165,1	7,9E-47
S9XL17	165,1	7,9E-47
W5N154	165,1	7,9E-47
W5P7C3	165,1	7,9E-47
U3IHQ1	165,1	7,9E-47
A0A0P7X6V4	165,1	7,9E-47
D6RGZ4	165,1	7,9E-47
I3LA15	165,1	7,9E-47
A0A088AQX6	164	1,7E-46
A0A0M9AAQ9	163,9	1,8E-46
A0A087SZX4	163,9	1,9E-46
B2RZC7	163,8	1,9E-46
A0A087QIM5	163,7	2,1E-46
A0A087V2V3	163,7	2,1E-46
A0A091EXM2	163,7	2,1E-46
A0A091GGN9	163,7	2,1E-46
A0A091HB40	163,7	2,1E-46
A0A091I1E0	163,7	2,1E-46
A0A091JH25	163,7	2,1E-46
A0A091K4S1	163,7	2,1E-46
A0A091KKN8	163,7	2,1E-46
A0A091M8B1	163,7	2,1E-46
A0A091LJ85	163,7	2,1E-46
A0A091ND95	163,7	2,1E-46
A0A091NT48	163,7	2,1E-46
A0A091P1C0	163,7	2,1E-46
A0A091Q4I5	163,7	2,1E-46
A0A091QQI7	163,7	2,1E-46
A0A091RQ68	163,7	2,1E-46
A0A091SPM8	163,7	2,1E-46
A0A091TF73	163,7	2,1E-46
A0A091UIR4	163,7	2,1E-46
A0A091UUR3	163,7	2,1E-46
A0A091WES2	163,7	2,1E-46
A0A093FK74	163,7	2,1E-46
A0A093FRW3	163,7	2,1E-46
A0A093H477	163,7	2,1E-46
A0A093IFQ3	163,7	2,1E-46
A0A093JVQ0	163,7	2,1E-46
A0A093SEU9	163,7	2,1E-46
A0A094MNU1	163,7	2,1E-46
A0A094NNU7	163,7	2,1E-46
A0A0A0AYL4	163,7	2,1E-46
A0A0P7V9A2	163,7	2,1E-46
A0A0P7WP64	163,7	2,1E-46
A0A0Q3SPB6	163,7	2,1E-46
A0A151M0Q9	163,7	2,1E-46
E1C377	163,7	2,1E-46
F6X9F5	163,7	2,1E-46
G1K8H7	163,7	2,1E-46
G1NIU5	163,7	2,1E-46
G1SS17	163,7	2,1E-46
G3NWJ7	163,7	2,1E-46
G3SNY2	163,7	2,1E-46
G3TSE4	163,7	2,1E-46
G3WQ43	163,7	2,1E-46
G3IE83	163,7	2,1E-46
H0ZNM2	163,7	2,1E-46
H2T7P6	163,7	2,1E-46
H2T7P7	163,7	2,1E-46
H2N1R6	163,7	2,1E-46
H3D080	163,7	2,1E-46
I3J9N6	163,7	2,1E-46
K7FK87	163,7	2,1E-46
M4AAZ5	163,7	2,1E-46
M7CB88	163,7	2,1E-46
Q5BL35	163,7	2,1E-46
U3IN54	163,7	2,1E-46
U3KH77	163,7	2,1E-46
W5LYD1	163,7	2,1E-46
H0XCR4	163,7	2,1E-46
J9JTM3	163,5	2,3E-46
D2HPC9	163,4	2,5E-46
E1B7Y9	163,4	2,5E-46
E2RMS1	163,4	2,5E-46
F1S0F1	163,4	2,5E-46
F6ZY93	163,4	2,5E-46
G1L790	163,4	2,5E-46
G1NT08	163,4	2,5E-46
J9P0D7	163,4	2,5E-46
M3WXU9	163,4	2,5E-46
M3YPD4	163,4	2,5E-46
W5PKN6	163,4	2,5E-46
A0A091CWZ3	163,4	2,6E-46
A0A096N9F4	163,4	2,6E-46
A0A0D9RUQ8	163,4	2,6E-46
F7HSR0	163,4	2,6E-46
F7F4K8	163,4	2,6E-46
G3SJ46	163,4	2,6E-46
G5C8M0	163,4	2,6E-46
G7PKI6	163,4	2,6E-46
H0V7K7	163,4	2,6E-46
H2QIS3	163,4	2,6E-46
H2P7H0	163,4	2,6E-46
H9HA37	163,4	2,6E-46
I3MY89	163,4	2,6E-46
Q6IQ16	163,4	2,6E-46
A0A087XYL9	162,9	3,6E-46
G3NVJ4	162,9	3,6E-46
I3K0E8	162,9	3,6E-46
M4AV61	162,9	3,6E-46
H3AAP8	162,8	4E-46
A7RGH6	162,7	4,1E-46
A0A0Q3TLD8	162,6	4,6E-46
Q2M2N2	161,9	7,4E-46
A0A0N1IT35	161,7	8,6E-46
A0A099YX98	161,5	9,9E-46
H2RTM1	161,3	1,1E-45
H3DNL3	161,3	1,1E-45
L5JYQ6	161,2	1,2E-45
W5K6I8	160,8	1,6E-45
A0A0N5E3E9	160,5	1,9E-45
A0A0V0SNF5	160,5	2E-45
A0A0V0UH28	160,5	2E-45
A0A0V0VTS9	160,5	2E-45
A0A0V0X6U4	160,5	2E-45
A0A0V1AEZ1	160,5	2E-45
A0A0V1DDL0	160,5	2E-45
A0A0V1HUA1	160,5	2E-45
A0A0V1JZL2	160,5	2E-45
A0A0V1LT65	160,5	2E-45
A0A0V1PG51	160,5	2E-45
A0A0V1N1A7	160,5	2E-45
H2Z146	160,4	2E-45
H2Z147	160,4	2E-45
H2Z148	160,4	2E-45
T1J1R9	160	2,7E-45
V8P0I2	159,9	2,9E-45
G0MKI2	159,9	3E-45
W5KHA6	159,8	3,1E-45
D6WV88	159,8	3,2E-45
A0A0R4IIR0	159,8	3,2E-45
A0JMG1	159,8	3,2E-45
A0A077Z7P2	159,7	3,2E-45
A0A085N4K0	159,7	3,2E-45
T1G9H6	159,6	3,7E-45
K7EAR4	159	5,6E-45
K1P6N8	158,7	6,6E-45
A8X9W5	158,5	7,5E-45
P34568	158,5	7,5E-45
M7C055	158,3	8,6E-45
H2VPL5	158,3	8,9E-45
C3Y767	157,4	1,6E-44
G1K3N0	157,2	1,9E-44
E3LRZ3	156,3	3,5E-44
A0A0P7V9K7	156,2	3,7E-44
A0A183C7J1	155,7	5,3E-44
A0A0N4UXQ5	155,2	7,5E-44
A0A0N5A8F6	155,2	7,5E-44
S9WDD0	154,6	1,2E-43
T1GVM7	154,5	1,2E-43
A0A044UYQ2	154,5	1,2E-43
A0A0N4TS18	154,5	1,2E-43
A0A0K0IPH2	154,5	1,2E-43
A0A0N5D254	154,5	1,2E-43
A0A0R3QML6	154,5	1,2E-43
A0A0R3RI41	154,5	1,2E-43
J9EFH7	154,5	1,2E-43
A0A0M3K339	154,3	1,4E-43
A0A087U529	153,7	2,2E-43
A0A0N4U7V9	153,2	2,9E-43
F7BCH0	153,1	3,2E-43
A0A0K0E7L8	153,1	3,2E-43
A0A0N4Z0C9	153,1	3,2E-43
A0A0T6B0P9	153,1	3,2E-43
H3EKN2	152,6	4,6E-43
A0A0G2KB38	152,6	4,7E-43
L5M353	152,2	6,2E-43
S7MV09	152,2	6,2E-43
A0A016RU10	152,1	6,7E-43
A0A0D8XPK1	152,1	6,7E-43
A0A0K0DN50	152,1	6,7E-43
A0A0N4Y4L0	152,1	6,7E-43
A0A0R3PV80	152,1	6,7E-43
A0A158QKZ9	152,1	6,7E-43
U6P858	152,1	6,7E-43
U6PCG4	152,1	6,7E-43
W2TB75	152,1	6,7E-43
F8WD02	152	6,8E-43
F6WB48	150,8	1,6E-42
A0A0A6YWE7	150,6	1,8E-42
A0A0A6YXL9	150,6	1,8E-42
A0A090MX10	150,4	2,1E-42
A0A0K0FHH8	150,4	2,1E-42
A0A0N5CB85	150,4	2,1E-42
W4Y4U6	150,4	2,1E-42
A0A0B2VTQ9	149,9	3,1E-42
C3Y770	149,6	3,7E-42
A0A087XT90	148,9	5,9E-42
E9HA21	147,8	1,2E-41
T1KCD8	147,6	1,5E-41
A0A162DFR4	147,5	1,6E-41
A0A074ZXK5	146,3	3,6E-41
G4VHQ6	146,3	3,6E-41
G7YRG9	146,3	3,6E-41
Q7Q4Q2	143,2	3,2E-40
A0A0V0J3T7	141,9	7,8E-40
E0VQ72	141,2	1,2E-39
A0A0C2D9N0	141	1,5E-39
A0A068X7Q0	140,4	2,2E-39
A0A158QII0	140,4	2,2E-39
A0A158RA86	140,4	2,2E-39
A0A0V0YFA6	139,7	3,4E-39
H9JCS0	139,6	3,7E-39
A0A091R634	139,4	4,4E-39
F6X5U0	139,3	4,6E-39
E4WVJ6	138,9	6,2E-39
A0A0V1N0F2	138,8	6,5E-39
A0A0V1I3Y4	138,8	6,5E-39
A0A095B587	138,8	6,7E-39
A0A183Q6N6	138,8	6,7E-39
A0A183S003	138,8	6,7E-39
H3A3L5	138,8	6,7E-39
A0A087QIG5	138,3	9,2E-39
A0A087VRS9	138,3	9,2E-39
A0A091EQJ3	138,3	9,2E-39
A0A091FT46	138,3	9,2E-39
A0A091HST5	138,3	9,2E-39
A0A091M3H6	138,3	9,2E-39
A0A091KKQ3	138,3	9,2E-39
A0A091NL16	138,3	9,2E-39
A0A091NTG7	138,3	9,2E-39
A0A091R8J4	138,3	9,2E-39
A0A091SA28	138,3	9,2E-39
A0A091TJM2	138,3	9,2E-39
A0A091UTC7	138,3	9,2E-39
A0A091WAE0	138,3	9,2E-39
A0A093ERZ5	138,3	9,2E-39
A0A093HST3	138,3	9,2E-39
A0A093QHA5	138,3	9,2E-39
A0A099Z3M7	138,3	9,2E-39
A0A0A0ABS0	138,3	9,2E-39
F1P4U4	138,3	9,2E-39
G1N8T7	138,3	9,2E-39
H0Z2S9	138,3	9,2E-39
Q6U7I1	138,3	9,2E-39
U3J6C8	138,3	9,2E-39
U3JN08	138,3	9,2E-39
A0A093CGD4	138,3	9,2E-39
G3UR08	138,3	9,2E-39
U3J6D1	138,3	9,2E-39
A0A093IGP0	138,3	9,6E-39
A0A068XWM1	138,2	1E-38
W6U6J8	138,2	1E-38
A0A091JBL5	137,5	1,6E-38
A0A0Q3PSV5	137,3	1,8E-38
A0A151N170	137	2,3E-38
K7FQP5	137	2,3E-38
M7C9X4	137	2,3E-38
A0A093CHK6	136,8	2,7E-38
A0A158QBR6	136,6	3,1E-38
F6ZDA0	136,5	3,2E-38
G3WFH6	136,5	3,2E-38
A0A087TA00	136,4	3,4E-38
A0A093IH60	135,3	7,6E-38
A0A0V0VW20	135	9,2E-38
A0A0V0TX97	135	9,5E-38
A0A0V1CKH9	135	9,5E-38
A0A0V1PI18	135	9,5E-38
A0A0V0TYC7	135	9,5E-38
A0A0V1PHU6	135	9,5E-38
A0A077ZB91	134,9	9,8E-38
F1QUS9	134,7	1,1E-37
I3ISS5	134,7	1,1E-37
A0A091N5W9	134,7	1,1E-37
A0A0V0WB55	134,5	1,3E-37
A0A0V1L6G8	134,5	1,3E-37
A0A158QT71	134,5	1,3E-37
A0A194QB03	134,2	1,5E-37
G5BSC6	133,7	2,2E-37
A0A091DPU6	133,6	2,5E-37
A0A096NLM0	133,6	2,5E-37
A0A0D9R8K0	133,6	2,5E-37
F1N556	133,6	2,5E-37
F1PX83	133,6	2,5E-37
F1RKZ6	133,6	2,5E-37
F6S6E3	133,6	2,5E-37
F7B7L7	133,6	2,5E-37
F6ZQT0	133,6	2,5E-37
F7HLB9	133,6	2,5E-37
F7HLD8	133,6	2,5E-37
G1LW88	133,6	2,5E-37
G1RGG6	133,6	2,5E-37
G3QRK0	133,6	2,5E-37
G3T079	133,6	2,5E-37
G1P331	133,6	2,5E-37
H0XBS8	133,6	2,5E-37
H2NQ35	133,6	2,5E-37
H2RAD7	133,6	2,5E-37
L5KGG8	133,6	2,5E-37
M3W1J6	133,6	2,5E-37
M3YTE6	133,6	2,5E-37
M5FK76	133,6	2,5E-37
Q93009	133,6	2,5E-37
S7N4C4	133,6	2,5E-37
W5P621	133,6	2,5E-37
F5H2X1	133,6	2,5E-37
F7C9Y6	133,6	2,5E-37
L9KXU8	133,6	2,5E-37
A0A0V0SNV2	133,2	3,2E-37
A0A0V0SNK7	133,2	3,2E-37
A0A0V0ZX84	133,2	3,2E-37
A0A0V0ZXR7	133,2	3,2E-37
I3KF52	133	3,6E-37
G1SJW8	132,9	4E-37
U3KNR1	132,9	4E-37
B7P3R8	132,5	5,2E-37
A0A183JPE5	132,4	5,5E-37
E9PXY8	132	7,2E-37
F1LM09	132	7,2E-37
F8VPX1	132	7,2E-37
H0UZS5	132	7,2E-37
Q4VSI4	132	7,2E-37
A0A0N5DTD9	131,7	9,2E-37
W5MGN2	131,3	1,2E-36
A0A085N1R8	131,2	1,3E-36
A0A194QT80	131,1	1,3E-36
H3D231	129,7	3,5E-36
G3PMQ5	129,7	3,5E-36
A0A087XSB3	129,3	4,9E-36
M3ZHG7	129,3	4,9E-36
W5K4P7	129,1	5,5E-36
H2TFF9	129	5,9E-36
A0A0F8CY25	129	5,9E-36
Q6A4J8	128,9	6,3E-36
A0A183B3J4	128,4	8,6E-36
H2MC52	128,3	9,3E-36
A0A0P7VZE6	128,3	9,3E-36
V3ZII5	128	1,2E-35
J9HTX4	124,4	1,5E-34
F6YGJ7	124,2	1,6E-34
C3ZPX7	124,2	1,7E-34
A0A084WCL0	124,1	1,7E-34
A7SNG8	122,7	4,8E-34
B0WWN0	121,6	9,7E-34
C3XXM0	119,5	4,1E-33
G1Q185	119,1	5,7E-33
W5JJB3	118,1	1,2E-32
H2YBF2	117,7	1,5E-32
H2YBF3	117,7	1,5E-32
J9JJK9	116,1	4,3E-32
A0A183E7G9	115,5	6,7E-32
A0A132AAB6	114,1	1,7E-31
B3S9B2	113,4	3E-31
A0A0D8XKY9	113,1	3,5E-31
A0A016SS18	112,8	4,5E-31
A0A016SS65	112,8	4,5E-31
A0A016SRX1	112,8	4,5E-31
A0A016SRI1	112,8	4,5E-31
A0A0C2DVT8	112,8	4,5E-31
W2SH99	112,8	4,5E-31
A0A016SRH7	112,8	4,5E-31
A0A0B1TP23	112,6	5,2E-31
A0A0N4W0M1	112,4	5,7E-31
A0A0N4UIR8	111	1,6E-30
A0A0M3JRK5	110,2	2,6E-30
A0A0B2W3C8	110	3E-30
A0A0B1TCJ5	110	3,2E-30
A0A0N4XYZ2	109,5	4,4E-30
V8NL24	109,4	4,6E-30
A0A0L7LKG6	109,2	5,4E-30
B3RQ40	107,6	1,6E-29
H3BRA2	106,6	3,2E-29
A0A0R3PG33	104,9	1,1E-28
E4X0I1	104,2	1,7E-28
I1FKY9	104	2E-28
A0A0N5AEX3	103,8	2,3E-28
A0A158Q9H3	103,6	2,6E-28
S7N444	103,2	3,3E-28
G1QB14	102	7,9E-28
U1MNX9	101,6	1E-27
A0A0R3RWD6	101,4	1,2E-27
A0A0R3QA90	101,4	1,2E-27
G1PIM2	101,3	1,3E-27
A0A044TF86	100,9	1,6E-27
A0A0N5CN53	100,3	2,5E-27
G1Q0B2	100,3	2,6E-27
A0A0N4TV17	100,3	2,6E-27
A0A183H9K5	100,3	2,6E-27
J9F8I0	100,3	2,6E-27
H3F9F4	99,9	3,3E-27
S7PLM9	98,2	1,1E-26
B3S989	96,3	4,1E-26
A0A0R3WWG0	95,6	6,7E-26
H0W574	92,2	7,1E-25
A0A0N4UWK1	88,5	9,4E-24
A0A0K0FJK5	87,5	1,9E-23
A0A0N5B3Q9	87,5	1,9E-23
A0A183BLA8	87,4	1,9E-23
A0A0N4ZHR3	86,1	4,9E-23
A0A090N0K8	86	5E-23
H0UT55	85,6	6,9E-23
A0A0K0E5T2	85,5	7,5E-23
H3FNI8	85,4	7,6E-23
G1Q1J5	84,5	1,5E-22
H0VYM1	83,9	2,3E-22
A0A0R3UHK5	83,7	2,5E-22
A0A0R3S9T3	83,5	2,8E-22
A0A074Z2K9	83,4	3,1E-22
H2KP94	83,4	3,1E-22
H0W4N0	82,9	4,3E-22
A0A0R3TMJ1	82,3	6,9E-22
A0A183BXP9	82,1	7,8E-22
A0A183T0Y9	82	8E-22
H0VZK6	80,8	1,9E-21
H0VUD2	80,8	1,9E-21
H0W044	78,1	1,2E-20
A0A0N5B6T1	77,6	1,8E-20
A0A0B2VIX4	77,5	1,8E-20
U1NJZ4	77,5	1,8E-20
A0A0R3UG66	77,3	2,2E-20
A0A0N4UHJ2	77	2,7E-20
A0A0M3JTN6	76,7	3,4E-20
A0A044TTE1	76,5	3,8E-20
A0A0R3R4I8	76,5	3,8E-20
A0A158PQH1	76,5	3,8E-20
A0A158RBY4	76,5	3,8E-20
A0A183HZ47	76,5	3,8E-20
A0A183B4M9	76,5	3,9E-20
A0A183CGS8	76,3	4,2E-20
F7IRI1	75,7	6,4E-20
H3BND8	75,7	6,4E-20
F7FDJ3	75,7	6,4E-20
A0A183C8R8	75,6	6,8E-20
A0A0R3SIZ4	75,3	8,8E-20
D6RBH6	73,9	2,2E-19
Q717B2	73,9	2,3E-19
A0A158R7X6	73,2	3,6E-19
A0A0A6YVW8	72,6	5,4E-19
A0A183BTF7	72,4	6,6E-19
H3BTM1	72,1	7,9E-19
A0A0D3FW14	71,8	1E-18
A0A0K0FPQ1	71,5	1,2E-18
A0A158REG0	71,5	1,2E-18
A0A0L7LU83	71,5	1,2E-18
A0A085NPL4	71,5	1,2E-18
A0A0N5DG40	71,5	1,2E-18
A0A0N4USF6	71,3	1,4E-18
A0A0N5B0Q6	71,2	1,5E-18
A0A183LG59	70,9	1,8E-18
A0A183CDG8	70,4	2,6E-18
A0A068YCW6	70,2	2,9E-18
A5PEX6	69,8	3,7E-18
G2HK03	69,8	3,7E-18
G2HK02	69,8	3,7E-18
K8ESL3	69,8	3,7E-18
Q9U207	69,8	3,7E-18
T1KCD7	69,7	4,2E-18
W6UCG3	69,5	4,8E-18
A0A094ZN65	69,4	5E-18
A0A183KB44	69,4	5E-18
A0A183NUK8	69,4	5E-18
A0A158QGR6	69,1	6,4E-18
A0A183BPS2	68,7	8,2E-18
A0A0N4ZUN7	68,6	9,1E-18
A0A068XB54	68,2	1,2E-17
A0A183CQL2	67,6	1,8E-17
H0VYM3	67,6	1,8E-17
A0A0L7L5Z8	67,4	2,1E-17
A0A183CPX0	67,3	2,2E-17
A0A137PC74	67	2,8E-17
H0VJM7	66,8	3E-17
H0VIU2	66,8	3E-17
A0A183CDQ5	66,6	3,5E-17
A0A0R3WFL2	66,3	4,5E-17
H3BQD1	66,1	5,1E-17
A0A183C4Q7	66	5,5E-17
A0A183CG82	66	5,5E-17
A0A183C4Z9	65,8	6,2E-17
A0A183BLR6	64,6	1,4E-16
A0A183QKY5	64	2,1E-16
G4VAA7	64	2,1E-16
H2VPH8	64	2,2E-16
A8XYY6	63,5	3,2E-16
Q3UTC4	62,9	4,6E-16
A0A016SCL9	62,5	6E-16
A0A0K0CW63	62,5	6E-16
A0A0R3X0E9	62,5	6E-16
A0A183DPD4	62,5	6,1E-16
Q54VV9	62,5	6,2E-16
A0A183BWT5	61,9	9E-16
A0A183CN22	61,9	9E-16
U1NRF1	61,7	1E-15
A0A0N4YBI3	61,2	1,6E-15
H0W905	61	1,7E-15
M5XEH0	60,7	2,1E-15
A0A0N4WF00	60,7	2,1E-15
U6NIA2	60,7	2,1E-15
A0A158PEY9	60,4	2,7E-15
A0A183BRK1	59,5	4,9E-15
A0A183BY96	59,5	4,9E-15
G0MUQ3	59,2	5,8E-15
A0A0D9XJW5	58,4	1,1E-14
A0A0D9XJW6	58,4	1,1E-14
A0A0D9XJW1	58,2	1,2E-14
A0A0V0YJV9	58,1	1,3E-14
A0A183BIM7	58	1,4E-14
A0A068YCQ1	57,7	1,7E-14
A0A183CN38	57,7	1,7E-14
W6URF1	57	2,7E-14
A0A183C8K5	56,7	3,4E-14
M5XCM6	56,2	4,9E-14
A0A0V0USH3	56	5,6E-14
A0A0V0WAD7	56	5,6E-14
A0A0V0UTU8	56	5,6E-14
A0A0V0WA16	56	5,6E-14
A0A0V0ZC01	56	5,6E-14
A0A0V0ZCG3	56	5,6E-14
A0A0V0ZCE0	56	5,6E-14
A0A0V1CFM2	56	5,6E-14
A0A0V1CFT4	56	5,6E-14
A0A0V1GVC3	56	5,6E-14
A0A0V1CHC6	56	5,6E-14
A0A0V1GVQ6	56	5,6E-14
A0A0V1GVQ7	56	5,6E-14
A0A0V1GWE9	56	5,6E-14
A0A0V1GW86	56	5,6E-14
A0A0V1GVT3	56	5,6E-14
A0A0V1GX16	56	5,6E-14
A0A0V1LTY1	56	5,6E-14
A0A0V1MTQ7	56	5,6E-14
A0A0V1NX23	56	5,6E-14
A0A0V0RMX2	56	5,6E-14
A0A0V1LU43	56	5,6E-14
A0A0V0W9W2	56	5,6E-14
A0A0V1CFY6	56	5,6E-14
A0A0V1NX52	56	5,6E-14
A0A0D3HDW0	55,9	6,1E-14
V4LS84	55,6	7,4E-14
A0A183C2K8	55,6	7,6E-14
U1M7W5	55,5	7,8E-14
K4DAM7	55,5	7,8E-14
M0ZTJ2	54,5	1,6E-13
M0ZTJ4	54,5	1,6E-13
M0ZTJ3	54,5	1,6E-13
A0A183BHU5	54,5	1,6E-13
A0A183T404	54,1	2E-13
A0A022QQ48	53,8	2,6E-13
A0A183BSC4	53,7	2,7E-13
A0A0K0FNX4	53,4	3,4E-13
A0A183CG98	53,3	3,6E-13
A0A0L9VCK6	53,3	3,7E-13
F4PU02	52,6	6E-13
A0A0D3EFB1	52,4	6,8E-13
A0A059CQA0	52	8,9E-13
D8RS70	52	9E-13
D8SJC1	52	9E-13
A0A152A3K9	51,6	1,1E-12
A0A183BZS2	51,6	1,2E-12
K7N6S3	51,5	1,3E-12
L7N229	51,5	1,3E-12
G7J6M6	51,3	1,4E-12
G7J6M7	51,3	1,4E-12
A0A183BTV1	51,3	1,4E-12
M0SSV2	51,2	1,5E-12
M0SV51	50,9	1,9E-12
A0A0K9RR35	50,8	2E-12
I1IIC1	50,7	2,2E-12
I1IIC2	50,7	2,2E-12
A0A0D9VF92	50,4	2,7E-12
H0Y977	50,3	2,9E-12
A0A0J8CYY5	50,2	3,1E-12
A0A183CN99	50,2	3,1E-12
A0A0A0LEA9	50,1	3,4E-12
M8A741	50	3,5E-12
P0DMR5	49,9	3,8E-12
A0A078CJA6	49,9	3,9E-12
H2VUM0	49,7	4,5E-12
A0A078FEY9	49,5	4,9E-12
A0A078J6Q2	49,5	4,9E-12
A0A0D3DVH1	49,5	4,9E-12
M4CUA8	49,5	4,9E-12
A0A0N4VGZ9	49,5	5E-12
A0A183FNY4	49,4	5,4E-12
W2SFT3	49,3	5,6E-12
A0A077ZM31	49,3	5,6E-12
K4C9A0	49,3	5,8E-12
A0A0K0EU50	49,1	6,7E-12
A0A0K0FN34	48,9	7,7E-12
D7SUW3	48,7	8,5E-12
B9HVH8	48,7	8,5E-12
M0SR83	48,6	9,4E-12
A0A183IGY6	48,5	1E-11
A0A183BSC1	48,5	1E-11
A0A0N5CEC6	48,4	1,1E-11
E3M1D7	48,2	1,3E-11
A0A0N5B3X8	47,9	1,5E-11
V7B6S4	47,9	1,5E-11
A0A059BGK1	47,9	1,5E-11
A0A059BHL4	47,9	1,5E-11
A0A0K9R4F3	47,6	1,8E-11
W9RMK9	47,5	2,1E-11
A0A059LH91	47,4	2,1E-11
S8E3J1	47,1	2,6E-11
A0A078HF73	47,1	2,6E-11
A0A022RES8	47	2,9E-11
W9RB05	46,9	3,1E-11
K3XDZ8	46,7	3,4E-11
H3BUV0	46,6	3,8E-11
M4CGJ7	46,5	4,1E-11
A0A072UGS6	46,4	4,2E-11
G7KCQ5	46,4	4,2E-11
A0A161YJY3	46,4	4,4E-11
A0A183BSC8	46,3	4,5E-11
K4D4P5	46,2	5E-11
A0A183BTF6	46,1	5,4E-11
A0A183BLR7	46,1	5,4E-11
A0A162ADD2	46	5,5E-11
K4C2I6	46	5,7E-11
M2Y224	45,9	6E-11
A9SQD0	45,7	6,9E-11
A0A0L0DGS0	45,7	7,1E-11
A0A0B2RVM6	45,5	8,2E-11
I1JIM7	45,5	8,2E-11
J3N953	45	1,1E-10
A0A0E0MMI0	45	1,1E-10
A0A0E0MMI1	45	1,1E-10
A0A0D2RV06	45	1,1E-10
D7T3A6	45	1,2E-10
A8WTP7	44,8	1,3E-10
K3Z3B6	44,8	1,3E-10
A0A022PPD4	44,8	1,3E-10
A0A0D3C218	44,7	1,4E-10
W9RQJ1	44,7	1,4E-10
B9H9P5	44,7	1,4E-10
A0A1B6Q6C3	44,6	1,5E-10
A0A1B6Q6D7	44,6	1,5E-10
A0A078HC43	44,6	1,5E-10
M4EZK8	44,6	1,5E-10
A0A0B2NV33	44,6	1,5E-10
R0FRC3	44,5	1,6E-10
A0A0D3HUM1	44,5	1,6E-10
A0A0E0BSW0	44,5	1,6E-10
A0A0E0BSW1	44,5	1,6E-10
A0A0E0RHF7	44,5	1,6E-10
B8BPQ2	44,5	1,6E-10
I1R6G6	44,5	1,6E-10
Q0INA3	44,5	1,6E-10
Q9SIR0	44,5	1,6E-10
A0A0K9RH05	44,4	1,8E-10
A0A0K9RIK2	44,4	1,8E-10
B9IIF3	44,3	1,8E-10
I1IKX9	44,2	2E-10
I1IKY0	44,2	2E-10
A0A0B2SD70	44,2	2E-10
I1NE39	44,2	2E-10
A0A0D2TEJ5	44,2	2E-10
C5YQZ5	44,1	2,1E-10
A0A151T0X8	44,1	2,2E-10
B9HKI3	44	2,2E-10
E3M1X2	44	2,2E-10
R0HMK6	43,9	2,4E-10
V7BLW9	43,8	2,6E-10
V7BJ96	43,8	2,6E-10
I1IGT4	43,8	2,6E-10
J3NEP7	43,8	2,6E-10
V7BED8	43,7	2,8E-10
V7BF71	43,7	2,8E-10
A0A0H5SP39	43,7	2,9E-10
A0A0N4TUI4	43,7	2,9E-10
A0A0R3QUL3	43,7	2,9E-10
J9EXM1	43,7	2,9E-10
A0A0L9VE99	43,6	3E-10
A0A151R221	43,6	3E-10
A0A0D9V695	43,5	3,1E-10
A0A0D9V694	43,5	3,1E-10
A0A0D9V696	43,5	3,1E-10
T1NEE5	43,5	3,2E-10
A0A059D9P5	43,4	3,5E-10
A0A0B0MW97	43,3	3,6E-10
A0A067JU88	43,1	4,1E-10
A0A061GVP2	43,1	4,4E-10
A0A0E0R0E9	43,1	4,4E-10
A0A0L9UV47	43	4,5E-10
A0A067F374	43	4,6E-10
A0A067FEB3	43	4,6E-10
V4TSX2	43	4,6E-10
V4UCA0	43	4,6E-10
V4L1C5	43	4,7E-10
A0A0R3S3L7	42,9	4,7E-10
A0A164WLY3	42,9	5E-10
K4D348	42,8	5,1E-10
M1CQH5	42,8	5,4E-10
A0A0E0MPA4	42,5	6,3E-10
I1R127	42,5	6,5E-10
A2ZFJ8	42,5	6,5E-10
B9IKZ1	42,3	7,6E-10
G7KD59	42,2	7,7E-10
J3L4I4	42,2	7,9E-10
M5VSU6	42,2	8E-10
A0A183CN98	42,1	8,3E-10
K4C4C3	42,1	8,4E-10
G7I3Q3	42,1	8,5E-10
A0A078CYC9	42,1	8,6E-10
A0A078IZ74	42,1	8,6E-10
A0A0D3B007	42,1	8,6E-10
M4CNW2	42,1	8,6E-10
E3M1W0	42,1	8,7E-10
A0A0A0KWU0	42	9,1E-10
A0A061FPV1	42	9,1E-10
A0A061FX09	42	9,1E-10
A0A0J8BTV9	42	9,2E-10
U5DDU9	41,8	0,000000001
M4CC57	41,8	0,000000001
A0A0B2V154	41,8	0,000000001
A0A0L9UH62	41,8	1,1E-09
V7AXN6	41,8	1,1E-09
B9RL15	41,8	1,1E-09
A0A0K9Q072	41,8	1,1E-09
A0A0E0BBR2	41,7	1,1E-09
M8A3A8	41,7	1,1E-09
R0GZ21	41,6	1,2E-09
W9QKY5	41,6	1,2E-09
A0A044RC37	41,6	1,2E-09
A0A0D9WVU2	41,5	1,3E-09
J3MIS2	41,5	1,3E-09
A0A067FTR7	41,5	1,3E-09
A0A067FTW0	41,5	1,3E-09
A0A067FXB2	41,5	1,3E-09
A0A067G589	41,5	1,3E-09
V4SRA3	41,5	1,3E-09
V4S6Y4	41,5	1,3E-09
A0A067G5T8	41,5	1,3E-09
V4T169	41,5	1,3E-09
A0A161YBC2	41,4	1,3E-09
G0N8I9	41,4	1,4E-09
A0A0J8CHN0	41,4	1,4E-09
A0A0N4VDN1	41,3	1,5E-09
M0Z6Y1	41,3	1,5E-09
F4K3X1	41,3	1,5E-09
Q9FPT1	41,3	1,5E-09
A0A0B0N6E7	41,3	1,5E-09
A0A0D2MEX2	41,3	1,5E-09
A0A0D2QHT9	41,3	1,5E-09
A0A0D2RBB5	41,3	1,5E-09
H3FF91	41,2	1,5E-09
A0A087G5A2	41,2	1,5E-09
A0A078F9P4	41,2	1,6E-09
A0A078H565	41,2	1,6E-09
A0A0D3DZ19	41,2	1,6E-09
A0A151TVL2	41,2	1,6E-09
B9SDQ1	41,2	1,6E-09
Q0KKQ1	41,2	1,6E-09
V4SJQ8	41,2	1,6E-09
A0A067DQ46	41,2	1,6E-09
A0A087GRT0	41,1	1,6E-09
G0NAK5	41,1	1,6E-09
D7LZS2	41,1	1,7E-09
A0A061EYD4	41	1,8E-09
A0A0B2PE25	41	1,9E-09
I1LXZ1	41	1,9E-09
T1M6F0	40,9	0,000000002
A0A078C058	40,8	2,1E-09
V4KRN0	40,8	2,1E-09
V4LDX4	40,8	2,1E-09
V4N566	40,8	2,1E-09
V4LLB0	40,8	2,1E-09
A0A0D2QVN0	40,8	2,1E-09
A0A0D2SFV5	40,8	2,1E-09
A0A0D2U2A7	40,8	2,1E-09
A0A0D2V069	40,8	2,1E-09
A0A0D2SFW3	40,8	2,1E-09
M4CYB3	40,8	2,1E-09
D7U8M2	40,8	2,1E-09
A0A067JDI6	40,7	2,2E-09
I1HS34	40,6	2,4E-09
I1HS32	40,6	2,4E-09
M5Y4D6	40,6	2,4E-09
A0A0D9Y144	40,5	2,5E-09
A0A0B0PTR8	40,5	2,6E-09
A0A0D2LY11	40,5	2,6E-09
A0A0D2N8V0	40,5	2,6E-09
A0A0D2PY21	40,5	2,6E-09
A0A0D2QPQ0	40,5	2,6E-09
A0A0D2QPQ4	40,5	2,6E-09
A0A078EWM2	40,4	2,8E-09
A0A078FMB4	40,4	2,8E-09
A0A0D3AHZ4	40,4	2,8E-09
M4EIW2	40,4	2,8E-09
A0A0E0LHG4	40,3	2,9E-09
G3MU79	40,3	0,000000003
G3MU80	40,3	0,000000003
G3MU81	40,3	0,000000003
G3MU82	40,3	0,000000003
G3MU83	40,3	0,000000003
O45623	40,3	0,000000003
O45624	40,3	0,000000003
Q7JKC3	40,3	0,000000003
S9WE92	40,3	0,000000003
T1LMN6	39,9	3,8E-09
A0A0V0TTR2	39,8	4,1E-09
A0A0V0TTS9	39,8	4,1E-09
A0A0V0TTV5	39,8	4,1E-09
A0A0V0TTQ0	39,8	4,1E-09
A0A061FPY1	39,8	4,2E-09
A0A061FR32	39,8	4,2E-09
A0A061FX36	39,8	4,2E-09
A0A0N5B3M8	39,8	4,3E-09
A0A183BW07	39,8	4,3E-09
A0A0D2RRE5	39,8	4,3E-09
A0A0D2TC48	39,8	4,3E-09
A0A0D2UWP9	39,8	4,3E-09
A0A0D2UWQ3	39,8	4,3E-09
A0A0D2VQH3	39,8	4,3E-09
A0A0D2TC52	39,8	4,3E-09
A0A0B0PMT4	39,8	4,3E-09
D7LAT1	39,7	4,6E-09
A0A0E0BUU0	39,6	4,7E-09
A0A0E0RJK1	39,6	4,7E-09
B8BMU0	39,6	4,7E-09
I1R7L9	39,6	4,7E-09
M4FC69	39,6	4,7E-09
M5W7M7	39,5	5,1E-09
W9QVT2	39,5	5,2E-09
U1M414	39,4	5,5E-09
M4F156	39,3	5,8E-09
U4PC47	39,3	6,1E-09
B4FEE4	39,2	6,2E-09
B6TGV1	39,2	6,2E-09
B6SLX2	39,2	6,2E-09
A0A059A343	39,2	6,2E-09
A0A0P0V8R4	39,1	6,7E-09
B8AA55	39,1	6,7E-09
I1NS12	39,1	6,7E-09
A0A0D9YFI9	39,1	6,7E-09
A0A0D9YFJ1	39,1	6,7E-09
A0A0D9YFJ0	39,1	6,7E-09
K3ZQ67	39,1	6,8E-09
A0A0K0EEW2	39,1	6,8E-09
A0A072VGZ9	39	7,2E-09
A0A072VIQ6	39	7,2E-09
G7I2I7	39	7,2E-09
A0A0D3CL18	39	7,3E-09
D8S8U6	38,9	7,5E-09
D8SQ54	38,9	7,5E-09
A0A087H8V3	38,9	7,6E-09
A0A087H8V4	38,9	7,6E-09
A0A059A3A5	38,8	0,000000008
A0A078HC91	38,8	8,1E-09
M4C7T1	38,8	8,1E-09
A0A151TT02	38,8	8,2E-09
A0A0A0LGV9	38,8	8,3E-09
A0A078EK33	38,8	8,4E-09
A0A022PWH2	38,7	8,7E-09
A0A0D9VF94	38,7	8,8E-09
A0A183C8R7	38,7	8,9E-09
A0A0D2QBR3	38,7	0,000000009
A0A0D2RWH0	38,7	0,000000009
A0A0D2TLR0	38,7	0,000000009
A0A0K9NW21	38,7	9,2E-09
R0G8K7	38,6	9,6E-09
M0UNC2	38,6	9,6E-09
M7YX76	38,6	9,6E-09
M0UNC5	38,6	9,6E-09
G7KD35	38,5	0,00000001
A0A0D3AEE0	38,4	0,000000011
A0A0B2QU15	38,3	0,000000012
V4M1Z7	38,2	0,000000012
V4M8X7	38,2	0,000000012
V4NQH3	38,2	0,000000012
B8B7K1	38,2	0,000000012
I1Q8A2	38,2	0,000000012
A0A0D3GML7	38,2	0,000000012
A0A0D3GML8	38,2	0,000000012
A0A0E0Q4E5	38,2	0,000000012
A0A0E0Q4E6	38,2	0,000000012
A0A0E0Q4E7	38,2	0,000000012
A0A183CKT4	38,2	0,000000013
M0RI85	38	0,000000014
A0A0M0JLI1	38	0,000000015
A0A151U2S6	37,8	0,000000016
N1NTD8	37,8	0,000000016
N1NTI7	37,8	0,000000016
N1NTD2	37,8	0,000000016
N1NTJ2	37,8	0,000000016
N1NV07	37,8	0,000000016
N1NVB4	37,8	0,000000016
N1NSD8	37,8	0,000000016
N1NSE3	37,8	0,000000016
M5XKQ2	37,8	0,000000017
I1JUB3	37,6	0,000000019
I1K8T2	37,6	0,000000019
F4J7I2	37,6	0,000000019
Q84WU2	37,6	0,000000019
I1H3I5	37,5	0,00000002
M5X4J7	37,3	0,000000024
E3LH17	37,2	0,000000025
A0A167JPC7	37,2	0,000000025
V4KFH6	37,1	0,000000027
A0A1B6Q955	37,1	0,000000028
A0A1B6Q946	37,1	0,000000028
C1FH25	37	0,000000029
C5Y4X8	37	0,00000003
H2WGL4	36,8	0,000000032
K7IKX5	36,8	0,000000032
K7IKX6	36,8	0,000000032
A0A022RKQ2	36,8	0,000000032
A0A078EDQ2	36,8	0,000000033
A0A0D3EHA5	36,8	0,000000033
Q20681	36,8	0,000000033
A0A161ZXS1	36,8	0,000000034
A0A067KBP7	36,7	0,000000035
A0A061GP82	36,7	0,000000036
K4C661	36,6	0,000000037
A0A0B2R093	36,6	0,000000038
K7LIW5	36,6	0,000000038
A0A078FT78	36,5	0,000000041
A0A022RRS5	36,5	0,000000042
A0A183C6M0	36,5	0,000000042
A0A183BTQ8	36,4	0,000000044
A0A0N4ZEM7	36,3	0,000000046
W5EYZ9	36,3	0,000000048
W1NUA7	36,1	0,000000056
A0A078DC84	35,9	0,000000061
A0A0D3DIS8	35,9	0,000000061
M4EP44	35,9	0,000000061
O17297	35,9	0,000000061
M1DQI4	35,9	0,000000064
J3NDH9	35,9	0,000000064
A0A0E0BAS0	35,8	0,000000065
A8JDP5	35,8	0,000000066
B9SNJ1	35,7	0,00000007
A0A0D3HDW6	35,7	0,000000071
A0A0N4UFJ1	35,6	0,000000075
A0A151SP33	35,5	0,000000079
B8BGZ0	35,5	0,000000081
I1M7D1	35,5	0,000000082
K7M4W2	35,5	0,000000082
D8UE00	35,5	0,000000085
A0A022RM27	35,4	0,000000087
A0A0E0AG35	35,3	0,000000095
A0A0E0AG36	35,3	0,000000095
A0A0E0AG37	35,3	0,000000095
A0A0E0AG38	35,3	0,000000095
A0A0B0N7A2	35,2	0,0000001
A0A0E0P9C7	35,2	0,0000001
G0MV38	35,2	0,0000001
A0A183HND0	35,1	0,00000011
A0A022R6B2	35,1	0,00000011
A0A022R700	35,1	0,00000011
A0A176W3F7	35	0,00000011
A9T0Z5	35	0,00000011
A9TWM4	35	0,00000011
A0A022Q9E6	35	0,00000012
A0A183BQF9	35	0,00000012
A0A061EUI3	35	0,00000012
I1N0A2	34,9	0,00000012
D8SB04	34,9	0,00000012
D8SML1	34,9	0,00000012
A0A0D9XJV6	34,7	0,00000014
A0A0D9XKN2	34,7	0,00000014
A0A0D9XKN3	34,7	0,00000014
A0A022RLT1	34,7	0,00000014
G7JAH0	34,7	0,00000014
I0Z7N3	34,7	0,00000014
A0A0D2VVZ7	34,6	0,00000015
A0A090M1M3	34,6	0,00000016
H2KZM5	34,6	0,00000016
Q2PJ79	34,6	0,00000016
A0A183BSH9	34,5	0,00000016
A0A0E0BAS6	34,5	0,00000017
G0MD84	34,4	0,00000017
A4RY33	34,4	0,00000018
A0A059A221	34,2	0,00000021
A0A059A217	34,2	0,00000021
A0A059A2X3	34,2	0,00000021
A0A059A2Y0	34,2	0,00000021
A0A059A3B4	34,2	0,00000021
A0A059A485	34,2	0,00000021
A0A059A354	34,2	0,00000021
C5YNS5	34,1	0,00000021
K3Z3B3	34,1	0,00000021
A0A0V1GVN6	34,1	0,00000022
D7LW27	33,9	0,00000024
A0A183CKG6	33,9	0,00000026
Q9M2J1	33,8	0,00000026
A0A183E7S2	33,8	0,00000026
A0A1B6PA09	33,8	0,00000026
A0A0B0NLJ7	33,8	0,00000027
A0A0B0NG38	33,8	0,00000027
A0A0D2RFN3	33,8	0,00000027
A0A0D2N7Y9	33,8	0,00000027
O76642	33,8	0,00000027
Q60MK8	33,7	0,00000028
M7YMA6	33,7	0,00000028
R0GRT4	33,7	0,00000029
O76640	33,7	0,00000029
A0A0E0JYX9	33,7	0,00000029
M8AM67	33,7	0,00000029
M1BCH8	33,5	0,00000033
D7T1M3	33,3	0,00000038
F4Q1N9	33,2	0,0000004
D7LJ30	33,1	0,00000045
A0A087H4P3	33	0,00000047
S8EDD6	33	0,00000047
A0A176W5H6	32,8	0,00000053
M5X4Y7	32,8	0,00000053
A0A1B6PTA8	32,8	0,00000054
F4Q5N9	32,8	0,00000054
A9S238	32,7	0,00000056
V7BIH6	32,7	0,00000059
A0A0D9XJW3	32,6	0,00000061
H2B089	32,6	0,00000061
R1F516	32,6	0,00000062
A0A0D3F462	32,6	0,00000062
A0A0D9YR24	32,6	0,00000062
B8AG80	32,6	0,00000062
B9F591	32,6	0,00000062
I1NZR7	32,6	0,00000062
K7IZE8	32,6	0,00000063
D7MRQ4	32,5	0,00000064
A0A0L9TUY7	32,5	0,00000064
V7BLB6	32,5	0,00000064
Q9M2I9	32,5	0,00000064
O16560	32,2	0,00000079
Q8RY18	32,2	0,00000081
A0A0K9NUH1	32,1	0,00000085
A0A0K9P2R6	32,1	0,00000085
A0A183BSC5	32,1	0,00000086
K3Z386	32,1	0,00000086
D7LL34	32,1	0,00000087
A0A059A481	32	0,0000009
A4I500	32	0,00000093
I1IK60	32	0,00000094
D8RSY1	32	0,00000095
A0A0E0M7V5	32	0,00000096
A0A0N5CBU0	31,9	0,00000097
A0A022RLT0	31,9	0,00000099
O17190	31,9	0,000001
A0A0B0NNG0	31,9	0,000001
A0A0B0NRS8	31,9	0,000001
A0A0B0NFK2	31,9	0,000001
A0A0D2T9D3	31,9	0,000001
A0A0D2T3W5	31,9	0,000001
M0UP80	31,9	0,000001
M0UP81	31,9	0,000001
A0A183CM71	31,8	0,000001
F6HE19	31,8	0,0000011
M5Y493	31,8	0,0000011
A0A087GYV3	31,8	0,0000011
A0A059AC53	31,8	0,0000011
K4BDW7	31,6	0,0000012
A0A0K9RG91	31,6	0,0000013
V4T3N7	31,6	0,0000013
F6H693	31,5	0,0000013
Q9FHC7	31,5	0,0000014
V7BEW2	31,4	0,0000014
R1D8I2	31,4	0,0000014
I0Z3B8	31,4	0,0000014
A0A0D2M5Y1	31,4	0,0000014
A0A0D2NHC0	31,4	0,0000014
A0A0D2QZL4	31,4	0,0000014
A0A0D2PZS5	31,4	0,0000014
A0A0D2Q6Z8	31,4	0,0000014
A0A022RQ01	31,4	0,0000014
Q585A4	31,3	0,0000015
A0A0L9VBN0	31,3	0,0000015
A0A067LFR2	31,3	0,0000015
A4HHV0	31,3	0,0000016
K3XDW7	31,2	0,0000016
A0A0B2QTS7	31,2	0,0000016
I1NEQ2	31,2	0,0000016
A0A077S489	31,2	0,0000017
M0XJ42	31,2	0,0000017
M0XJ46	31,2	0,0000017
M0XJ43	31,2	0,0000017
A0A0E0BAS7	31,1	0,0000017
E1ZPE2	31,1	0,0000018
M0T6X1	31	0,0000018
D7MP49	31	0,0000019
Q9N487	31	0,0000019
A0A0B2NXY0	31	0,0000019
I1L7K3	31	0,0000019
R0I9B6	31	0,0000019
A0A183CJB8	31	0,0000019
T1MGL2	30,9	0,0000019
A0A074W7M0	30,9	0,0000019
A0A078DRK5	30,8	0,0000022
A0A078G0S7	30,8	0,0000022
A0A0D3C7H6	30,8	0,0000022
M4DFM9	30,8	0,0000022
A0A0J8CUQ5	30,7	0,0000022
A0A059B362	30,7	0,0000023
A0A183BJ26	30,7	0,0000023
D7LW25	30,7	0,0000023
H3FCL4	30,7	0,0000024
A0A176WFE5	30,7	0,0000024
M0SV98	30,6	0,0000025
M5X669	30,5	0,0000026
A0A061FRP9	30,4	0,0000028
A0A016W9R3	30,3	0,0000029
A0A016W943	30,3	0,0000029
Q9SHT3	30,3	0,0000031
W4ZLU6	30,3	0,0000031
F6H695	30,2	0,0000033
W9QVS1	30,2	0,0000033
A0A061FRP3	30,1	0,0000034
A0A061FQI9	30,1	0,0000034
A0A0N4Y433	30,1	0,0000034
A0A0E0KQU1	30,1	0,0000035
A0A022RM13	30,1	0,0000035
A9SVA0	30,1	0,0000036
A0A0W4ZN05	30	0,0000036
A0A072TKR7	30	0,0000037
G7LBL6	30	0,0000037
A0A183C146	30	0,0000038
A2WPJ9	29,9	0,0000039
A0A022RM32	29,8	0,0000042
A0A078CAF1	29,6	0,0000049
M4CB47	29,6	0,0000049
K4C662	29,5	0,0000052
I1HHU5	29,4	0,0000057
Q4Q7V4	29,3	0,0000062
A9SU81	29	0,0000074
G7I611	29	0,0000076
A0A078IY29	28,9	0,0000079
A0A0D3BAV5	28,9	0,0000079
K4ACS2	28,9	0,000008
A0A183BK58	28,8	0,0000082
A0A0D3BCE7	28,8	0,0000085
A0A0D9XU98	28,7	0,0000089
A0A0D9YFP5	28,7	0,0000093
A0A0D9YFP7	28,7	0,0000093
A0A0D9YFP6	28,7	0,0000093
A0A0E0JPE1	28,7	0,0000093
A0A0P0V8S3	28,7	0,0000093
A2WVL4	28,7	0,0000093
I1NS43	28,7	0,0000093
A0A0E0BKG3	28,6	0,0000097
A0A0E0BKG4	28,6	0,0000097
A0A0E0BKG5	28,6	0,0000097
A0A0E0BKG6	28,6	0,0000097
A0A0D3HN82	28,6	0,0000097
A0A0D3HN81	28,6	0,0000097
A0A0E0MGI4	28,6	0,0000097
A0A0E0MGI5	28,6	0,0000097
A0A0E0R9Y7	28,6	0,0000097
A0A0E0R9Y8	28,6	0,0000097
A0A183CIY1	28,6	0,0000098
A0A022RKR1	28,6	0,0000099
A0A0D3B6D0	28,5	0,00001
A0A167QRR5	28,5	0,00001
I1IK51	28,5	0,000011
C5XLL7	28,4	0,000011
F4I476	28,4	0,000011
H3E0J3	28,4	0,000012
A0A061GJ43	28,3	0,000012
A0A0M3ILN3	28,3	0,000012
A0A0D9XTG5	28,2	0,000013
A0A0D9XTG4	28,2	0,000013
V7BHQ4	28,2	0,000013
V7BL97	28,2	0,000013
A0A0B1P6V8	28,2	0,000013
M7Z2P5	28,1	0,000014
A0A0D8XQA4	28,1	0,000014
G2QR57	28,1	0,000014
A0A0N0DXL9	28	0,000014
A0A0N4UU63	28	0,000015
V4W1V1	28	0,000015
B9IKZ2	27,9	0,000016
B9IKZ3	27,9	0,000016
U5FFH6	27,9	0,000016
A0A0P0XVB9	27,8	0,000017
O17191	27,8	0,000017
A0A0E0A1E7	27,7	0,000018
A0A0E0L4H1	27,7	0,000018
A0A0E0PPR6	27,7	0,000018
A2Y6D1	27,7	0,000018
I1PX40	27,7	0,000018
J3M8Q6	27,7	0,000018
Q0DGW2	27,7	0,000018
A8MR11	27,7	0,000018
U6NX61	27,7	0,000019
U6PAL7	27,7	0,000019
A0A068RW90	27,7	0,000019
H3EWR1	27,6	0,000019
J3LC43	27,6	0,000019
U9TI08	27,6	0,00002
A0A0D9ZKY5	27,5	0,000021
J3L4K9	27,4	0,000022
A0A0N4ZU73	27,4	0,000022
A0A0K0DII6	27,4	0,000022
A2X3Y0	27,4	0,000022
B9HUC3	27,4	0,000022
B9HUU8	27,4	0,000022
A0A067EPS6	27,4	0,000023
W2SMX2	27,3	0,000023
V4KLM6	27,3	0,000023
A0A078BU58	27,3	0,000023
A0A0N1PG40	27,2	0,000023
A0A168H357	27,2	0,000023
M5XRC6	27,2	0,000023
M5XN60	27,1	0,000024
S8E7T0	27,1	0,000024
I1I4Q8	27	0,000024
T1LMG4	27	0,000025
A0A151QPV8	27	0,000025
A0A087SCM8	26,9	0,000025
E3MUR8	26,9	0,000025
A0A0D9YR19	26,9	0,000025
K7LAC2	26,8	0,000026
A0A075ARA4	26,6	0,000026
A0A0E0M7U7	26,5	0,000027
A0A067DFM0	26,5	0,000027
A0A067DT32	26,5	0,000027
V4RZQ2	26,5	0,000027
A0A0E0BAR7	26,5	0,000027
A0A0D3F7K2	26,5	0,000027
A0A0D9YUW4	26,5	0,000027
A0A0E0K2C5	26,5	0,000027
A0A0E0K2C4	26,5	0,000027
A0A0E0NHQ2	26,5	0,000027
B8AFE7	26,5	0,000027
K7I8E1	26,5	0,000027
A0A067KZB4	26,4	0,000028
J9F998	26,3	0,000028
A0A183C7M7	26,2	0,000029
M8AH45	26,2	0,000029
W5CHL3	26,2	0,000029
A0A0D9XZE9	26,2	0,000029
A0A0D9XZF0	26,2	0,000029
A0A0D9XZF3	26,2	0,000029
A0A067DGT6	26,1	0,000029
A0A059ACW0	26,1	0,00003
A0A059CFX1	26,1	0,00003
A0A0B2P0G4	26,1	0,00003
A0A0B2RFR3	26,1	0,00003
I1NI12	26,1	0,00003
K7LKA0	26,1	0,00003
K7LKA1	26,1	0,00003
A0A022RQ16	26,1	0,00003
D7LW37	26,1	0,00003
A0A0D2MS32	26	0,000031
K4CVY3	26	0,000031
A0A0D3F456	25,9	0,000031
I1IK61	25,9	0,000031
R0GTE1	25,8	0,000032
A0A059LB30	25,8	0,000032
A0A078CYJ2	25,8	0,000032
A0A059A2W7	25,8	0,000032
A0A0A1NVX6	25,7	0,000032
A0A0N5ACQ5	25,7	0,000033
I1C8Z3	25,7	0,000033
V4SEG4	25,6	0,000033
V4SYX4	25,6	0,000033
A0A0W4ZVJ4	25,6	0,000033
L0PAX4	25,6	0,000033
T1M6E9	25,5	0,000034
V4LWH7	25,4	0,000034
M0S7F0	25,4	0,000034
A0A0B7MNX1	25,4	0,000035
A0A0D9VI92	25,4	0,000035
W3X401	25,1	0,000037
A0A183BLV5	25	0,000037
A0A022RM52	25	0,000038
A0A183C575	25	0,000038
A0A0D9W534	24,9	0,000038
A0A183CKG5	24,9	0,000038
A8WK07	24,7	0,00004
A0A061DUC7	24,7	0,00004
D7KB56	24,7	0,000041
A0A1B6QEB4	24,6	0,000041
A0A022PZ05	24,6	0,000041
A0A0A1NSJ5	24,6	0,000041
T1MVX1	24,6	0,000041
A0A0K0F8R9	24,5	0,000042
A0A0N5BW35	24,5	0,000042
U7PJ04	24,5	0,000042
A0A022PZC9	24,5	0,000042
A0A0E9NH22	24,5	0,000042
V4SEE0	24,4	0,000043
A0A067ECS4	24,3	0,000044
V4M9T7	24,3	0,000044
A0A0J8CQ36	24,2	0,000045
A0A0J8FIH3	24,2	0,000045
A0A072VKZ7	24,2	0,000045
O76641	24,2	0,000045
M2N540	24,2	0,000045
D7LW22	24,1	0,000046
A0A059A603	24	0,000047
O16561	24	0,000047
V4V2D2	24	0,000047
D7L8P2	24	0,000047
K4C2I7	23,9	0,000048
A0A175YGW2	23,9	0,000048
A0A0L0P6Z5	23,8	0,000049
A0A183BRK7	23,7	0,00005
F7VX23	23,7	0,00005
K3ZN86	23,7	0,00005
O17301	23,7	0,00005
A0A072VMM4	23,6	0,000051
D3B795	23,6	0,000051
A0A058ZXP4	23,5	0,000052
Q9M2I2	23,5	0,000052
I1IMZ1	23,5	0,000052
A0A022RML6	23,5	0,000053
G3JTK0	23,4	0,000053
N1QFA2	23,4	0,000054
K7IZF1	23,3	0,000054
O16551	23,3	0,000054
E3M1V8	23,3	0,000055
I1HLH9	23,3	0,000055
D7LW20	23,2	0,000056
E3MTP9	23,2	0,000056
A2XTM2	23,2	0,000056
A0A0D3HER5	23,1	0,000057
D7KAI9	23,1	0,000057
A8NFU0	23	0,000058
D7L8P1	23	0,000059
B9HKF3	22,9	0,000059
D7LW15	22,9	0,00006
A0A183CNU8	22,8	0,000062
H3G3F7	22,7	0,000062
G2QB85	22,7	0,000062
A0A0D3BCD7	22,7	0,000063
Q1K7H3	22,6	0,000063
G4UDG2	22,6	0,000063
A0A0P0VI73	22,6	0,000063
A2X3Y3	22,6	0,000063
A0A183DN36	22,6	0,000063
A0A0B2QCH6	22,6	0,000064
I1JMU8	22,6	0,000064
K7KEH2	22,6	0,000064
A2Z7H7	22,5	0,000065
S2J2W0	22,5	0,000065
A0A0B7NI03	22,5	0,000066
Q0CDZ2	22,4	0,000066
A0A0L9TWC4	22,4	0,000067
V4T3L0	22,3	0,000068
V4V2C9	22,3	0,000068
A0A0D2RUU8	22,3	0,000068
I1NZR4	22,2	0,000069
C3ZTD6	22,2	0,00007
A0A022QZE8	22	0,000072
I1IMZ0	22	0,000073
A0A090MY27	21,9	0,000074
A0A183CLF0	21,9	0,000074
A0A061EBM8	21,9	0,000074
A0A183CDE3	21,9	0,000074
I1PLE4	21,8	0,000076
F6H696	21,8	0,000076
I0YIL4	21,8	0,000076
K1RZN5	21,8	0,000077
A2Z7J2	21,7	0,000077
A0A0D0AGV0	21,6	0,00008
A0A0C9X8Z7	21,5	0,00008
A0A0D9W535	21,4	0,000082
A2Z7K0	21,4	0,000083
A0A078GB50	21,4	0,000084
G0SF90	21,3	0,000085
A0A0C2H1N9	21,2	0,000086
A0A0D2UWR6	21,2	0,000087
A8WJE3	21,2	0,000087
D7LW38	21,1	0,000088
A0A077S3L2	21,1	0,000088
A0A151T177	21,1	0,000088
J3N2T2	21,1	0,000089
A0A0E0BAR5	21,1	0,000089
A0A0N5CLG1	21,1	0,000089
E3MUX2	21,1	0,000089
A0A0H1BKX2	21,1	0,000089
H2VMW2	21	0,000091
A0A077RXQ9	20,9	0,000091
A0A0A2VH50	20,9	0,000091
A0A167D1N5	20,9	0,000091
J4UMU4	20,9	0,000091
A0A0D3CUK0	20,9	0,000091
D7TC69	20,9	0,000092
A0A078C8S4	20,8	0,000093
A0A0D3CGN1	20,8	0,000093
A0A0D3F458	20,8	0,000095
A0A022PSU1	20,8	0,000095
R9ACI8	20,6	0,000097
N1JR08	20,6	0,000098
D7KDD1	20,5	0,0001
A0A094FQ81	20,4	0,0001
A0A094H545	20,4	0,0001
A0A087H4P7	20,4	0,0001
A0A0S6XEW7	20,3	0,0001
A0A0E0QLE1	20,3	0,00011
E3MUR6	20,3	0,00011
Q6Z0V7	20,2	0,00011
A0A0E0NDM5	20,2	0,00011
Q4PSK6	20,2	0,00011
A0A072U3M4	20,2	0,00011
M0T130	20,2	0,00011
S3D4T6	20,1	0,00011
A0A015JEE0	20,1	0,00011
U9UAH2	20,1	0,00011
A0A0D3CUK1	20,1	0,00011
C5XXM2	20	0,00011
C1GJX2	20	0,00011
A0A0E0M7V0	20	0,00011
E3NB94	20	0,00011
K4BP09	19,9	0,00011
A0A168H1M8	19,9	0,00012
A0A0D2AWS1	19,8	0,00012
A0A0D2C390	19,8	0,00012
G0MSE4	19,7	0,00012
L1JXS1	19,7	0,00012
I6NEB1	19,7	0,00012
V4SYU8	19,7	0,00012
C4Y350	19,6	0,00012
V4KTX8	19,6	0,00012
A8WKQ9	19,6	0,00012
H2KZR7	19,6	0,00012
O44805	19,6	0,00012
B2B7P5	19,5	0,00012
A0A0C9M9R8	19,5	0,00012
I1I8R4	19,5	0,00012
F4J556	19,5	0,00013
A0A067LF79	19,5	0,00013
T1MGL4	19,4	0,00013
G0MV36	19,4	0,00013
K7LI62	19,4	0,00013
P90846	19,3	0,00013
G0MV37	19,3	0,00013
A0A078E845	19,3	0,00013
E3MUR2	19,3	0,00013
Q0ZCE4	19,3	0,00013
A0A0G2IAE2	19,3	0,00013
A0A0D2MA68	19,2	0,00013
K7N1N5	19,2	0,00013
A0A0B2PHI2	19,2	0,00013
A0A0W0FU63	19,1	0,00014
V2XKN2	19,1	0,00014
V4SEG0	19	0,00014
K3ZM65	19	0,00014
A0A084QAQ2	19	0,00014
A0A0E0NDM7	19	0,00014
A3A605	19	0,00014
A0A074SCH5	19	0,00014
A0A022QQQ4	18,9	0,00014
A0A0D9XKN5	18,9	0,00014
J3N2T7	18,9	0,00014
R0I7F0	18,9	0,00014
D7L6S1	18,8	0,00015
A0A087HB72	18,8	0,00015
A0A0N4UTT6	18,8	0,00015
A0A183C2L3	18,8	0,00015
B3S1K1	18,8	0,00015
R0FU20	18,7	0,00015
C5WYE2	18,7	0,00015
A0A087H4P2	18,7	0,00015
A2ZG60	18,7	0,00015
A0A078HHS3	18,7	0,00015
A0A0D9XKM9	18,7	0,00015
A0A022RBE1	18,7	0,00015
A0A015JIR8	18,6	0,00015
U9SM01	18,6	0,00015
G4N186	18,6	0,00015
A0A162YPQ6	18,5	0,00015
I1IMY1	18,5	0,00015
J3LEQ3	18,5	0,00016
B3H671	18,5	0,00016
F4J4P8	18,5	0,00016
O16555	18,5	0,00016
A0A059A3B0	18,5	0,00016
D7LW41	18,5	0,00016
A0A0B0N2M0	18,5	0,00016
A0A093XZN6	18,4	0,00016
A0A093YJ25	18,4	0,00016
A0A094DCT8	18,4	0,00016
E3NB88	18,4	0,00016
M2WLE1	18,4	0,00016
V4KTY7	18,4	0,00016
S9VMM4	18,4	0,00016
A0A022RKY3	18,4	0,00016
A0A0E0BAS8	18,3	0,00016
B8A7I0	18,3	0,00016
A2Z7H1	18,3	0,00016
A0A0E0BAQ8	18,3	0,00016
A0A0D9XJV8	18,3	0,00016
A0A0D9XJV7	18,3	0,00016
W9QKA5	18,3	0,00016
G3AXT1	18,3	0,00016
A0A0D3HDU8	18,2	0,00016
A0A0M8N4M7	18,2	0,00016
A9PEN0	18,2	0,00016
G0MD85	18,2	0,00016
A0A0D9YR22	18,2	0,00017
I1IK54	18,2	0,00017
E3NNM5	18,2	0,00017
V4LAF2	18,2	0,00017
V4L383	18,2	0,00017
A0A087GYU2	18	0,00017
A0A0D3HP61	18	0,00017
I1R1M7	18	0,00017
A0A0A2V747	17,9	0,00018
G0MD86	17,9	0,00018
A8XW30	17,9	0,00018
V4LMT2	17,9	0,00018
V4NY58	17,9	0,00018
T1LHB9	17,8	0,00018
C5YBM4	17,8	0,00018
B9IJC0	17,7	0,00018
T1L978	17,7	0,00019
M5XIN1	17,6	0,00019
M4DDK4	17,5	0,00019
A0A0F8B6N6	17,5	0,00019
A0A0E0BAS4	17,5	0,00019
E3MUW4	17,5	0,00019
A0A166H3R0	17,5	0,00019
I1QUN6	17,4	0,0002
A0A0D3B6D4	17,4	0,0002
A0A0D3DZ47	17,4	0,0002
A0A022RMB3	17,4	0,0002
K3YP89	17,4	0,0002
V4NWH2	17,4	0,0002
A0A0E0QZB7	17,4	0,0002
R0IL81	17,3	0,0002
F4RD53	17,3	0,0002
E3M9B9	17,3	0,0002
R8BQD2	17,3	0,0002
A7TML1	17,3	0,0002
W9QKS1	17,3	0,0002
A0A0E0BAR8	17,2	0,0002
I1I446	17,2	0,00021
V4UZW4	17,2	0,00021
M0XMK1	17,2	0,00021
A0A067DMF1	17,2	0,00021
A0A078D1X9	17,2	0,00021
O17189	17,1	0,00021
F4JKS7	17,1	0,00021
A0A165AEF0	17,1	0,00021
A0A0E0NDM9	17,1	0,00021
A0A0K6G8G5	17,1	0,00021
V7CAZ2	17	0,00021
A0A078CYJ7	17	0,00022
M4CC56	17	0,00022
I1J215	17	0,00022
G0RV09	16,9	0,00022
O17304	16,9	0,00022
Q8MXH8	16,9	0,00022
Q9M2J5	16,9	0,00022
A0A183SX54	16,8	0,00022
A0A0M9EYT5	16,8	0,00023
A2WPK0	16,8	0,00023
I1QUP9	16,7	0,00023
A0A0D3HDW2	16,7	0,00023
R0G6F0	16,7	0,00023
I1QUQ7	16,7	0,00023
M0T3Q2	16,7	0,00023
M5Y0R1	16,7	0,00023
A0A072UH26	16,7	0,00023
G7KD66	16,7	0,00023
D5G9K3	16,6	0,00024
A0A078EVK5	16,6	0,00024
Q337Y6	16,6	0,00024
Q337Y7	16,6	0,00024
A0A0E0QZC0	16,5	0,00024
A0A0E0QZB9	16,5	0,00024
A0A0P0XUA9	16,5	0,00024
F2E8S0	16,5	0,00024
I1BKY7	16,5	0,00024
M4CT46	16,5	0,00024
A0A063C8H2	16,5	0,00024
A0A066WM04	16,5	0,00024
A0A0L9TSF0	16,5	0,00024
A0A0G0AAR5	16,4	0,00024
G9MEC1	16,4	0,00024
M1WEJ3	16,4	0,00024
A0A093Y681	16,4	0,00024
Q553Z8	16,4	0,00024
A0A0L1JEX3	16,4	0,00024
A0A059CF86	16,4	0,00025
A0A0C9Z5K0	16,3	0,00025
V4LVG1	16,3	0,00025
A0A183C141	16,3	0,00025
A0A183CN96	16,3	0,00025
A0A0B0NUZ7	16,3	0,00025
A0A0D2B4H5	16,3	0,00025
A0A0A1T7E8	16,1	0,00026
A0A0D2PX30	16,1	0,00026
A8MQL1	16,1	0,00026
A0A0A0KUE1	16,1	0,00026
R0H247	16,1	0,00026
D7LW17	16,1	0,00026
J3M1L0	16,1	0,00026
A0A151SSK2	16	0,00027
A0A094F541	16	0,00027
O76558	15,9	0,00027
A0A0D3C5U2	15,9	0,00027
A0A183BSW8	15,9	0,00027
A0A0D7BHH2	15,9	0,00027
K3VL90	15,9	0,00027
A0A022R8L3	15,9	0,00027
I4Y894	15,9	0,00028
G7XN79	15,9	0,00028
H2KYT3	15,8	0,00028
O16557	15,8	0,00028
K2RWE3	15,8	0,00028
Q54FG0	15,8	0,00028
G7EAP6	15,8	0,00028
A0A0D3HDW4	15,8	0,00028
I1QWR3	15,8	0,00028
A0A0C9VPG9	15,8	0,00028
A0A078EK96	15,7	0,00028
A0A078HCE5	15,7	0,00028
A0A178B276	15,7	0,00028
I1IMY0	15,7	0,00029
E3LPB6	15,7	0,00029
A0A0E0SEN1	15,7	0,00029
A0A183BWG2	15,7	0,00029
A0A022Q3R1	15,6	0,00029
D7LAY9	15,6	0,00029
A0A017SPI2	15,6	0,00029
M5BWA2	15,6	0,00029
A0A183C8K4	15,6	0,00029
A0A0F8WR50	15,5	0,0003
A0A0C3PE66	15,5	0,0003
O16559	15,4	0,0003
A0A078D4N2	15,4	0,00031
Q4WEJ7	15,4	0,00031
A0A139AT06	15,4	0,00031
O17192	15,4	0,00031
A0A0L6WFT0	15,4	0,00031
I1QUP3	15,2	0,00032
A0A022RKR9	15,2	0,00032
A0A183EMX7	15,2	0,00032
R0HIR8	15,1	0,00032
A0A0D2DQF7	15,1	0,00032
A0A022RQ35	15,1	0,00033
M0Z6E4	15,1	0,00033
A0A0C9MHH3	15,1	0,00033
E3NB91	15	0,00033
A0A0E0P560	15	0,00033
A0A0L9UAG9	15	0,00033
L1JRC4	15	0,00034
E3NB90	14,9	0,00034
A0A0L9SSY3	14,9	0,00034
O44815	14,9	0,00034
A0A0A1UUI4	14,9	0,00034
A0A0B4GJ78	14,9	0,00034
E9F4Y5	14,9	0,00034
A0A0D2XCB1	14,8	0,00035
A0A0J9UAG5	14,8	0,00035
A0A0J9UB86	14,8	0,00035
A0A0J9UDW3	14,8	0,00035
F9G0G4	14,8	0,00035
N1RHR3	14,8	0,00035
S0DST0	14,8	0,00035
X0CZC5	14,8	0,00035
X0D8J1	14,8	0,00035
X0D9Q3	14,8	0,00035
X0K2V8	14,8	0,00035
X0K350	14,8	0,00035
X0KGS8	14,8	0,00035
K4AI87	14,8	0,00035
F4JI18	14,8	0,00035
M5XK15	14,7	0,00035
A0A078EYM3	14,7	0,00035
M4CT44	14,7	0,00035
A0A183C5U1	14,7	0,00035
A0A078IRJ0	14,7	0,00036
M4F8J9	14,7	0,00036
W9RZK9	14,6	0,00036
A2Z7G2	14,6	0,00036
I1QWR7	14,6	0,00036
A0A077RA52	14,6	0,00036
A0A078H3Y9	14,6	0,00036
M4EUR1	14,6	0,00036
A0A087SEY0	14,6	0,00036
A0A180G2U7	14,6	0,00037
U7DYS1	14,6	0,00037
V4KD27	14,5	0,00037
A0A078GX94	14,5	0,00037
A0A183CAB6	14,5	0,00037
J3LEC1	14,5	0,00037
E3JVE2	14,5	0,00038
G0MV35	14,5	0,00038
A0A067T757	14,4	0,00038
A0A0D2G503	14,4	0,00038
W7MAA8	14,4	0,00038
W7MJZ0	14,4	0,00038
D7LW32	14,4	0,00038
A0A0E0BAS1	14,4	0,00038
A2Z7L4	14,4	0,00038
A0A0L0V6U0	14,4	0,00038
A0A0C3QC17	14,4	0,00038
D7LIS6	14,3	0,00039
B2WHQ7	14,3	0,00039
E3S5Z1	14,3	0,00039
R0HDG0	14,3	0,00039
A0A0B2SH33	14,3	0,00039
K7MZE1	14,3	0,00039
A0A0D0DK57	14,2	0,00039
A0A0B2WMA0	14,2	0,00039
A0A078F6P1	14,2	0,00039
A0A093YY51	14,2	0,0004
M2RIY0	14,2	0,0004
A0A078FNU9	14,2	0,0004
A0A0D3BHH1	14,2	0,0004
S8A078	14,1	0,0004
A0A0D3HER4	14,1	0,0004
B8BHH0	14,1	0,0004
A0A165EBZ4	14,1	0,00041
J3N9Q8	14,1	0,00041
A0A183BHU8	14,1	0,00041
A0A0D0BW14	14	0,00041
M0YVB4	14	0,00041
M0YVB5	14	0,00041
M0YVB6	14	0,00041
M8AQ03	14	0,00041
W5GVC2	14	0,00041
H3ENL2	14	0,00041
E3MQB2	14	0,00041
D7LW23	14	0,00041
R0HMG2	14	0,00042
A8X2W2	14	0,00042
A0A0F4ZFR2	13,9	0,00042
Q9M2I0	13,9	0,00042
A0A078EIG8	13,9	0,00042
B9MUD4	13,9	0,00043
A2QUF5	13,9	0,00043
G3XLJ4	13,9	0,00043
A0A0H2RST4	13,8	0,00043
A0A094AQZ4	13,8	0,00043
D7LIS5	13,8	0,00043
B9RP22	13,7	0,00044
A0A077S605	13,7	0,00044
A0A0E0QZC6	13,7	0,00044
A8XQC0	13,7	0,00044
A0A0H1BKV7	13,7	0,00044
A0A0S7DYC2	13,7	0,00044
A1CZZ2	13,7	0,00044
S7QHS5	13,7	0,00044
A0A022PSR6	13,6	0,00045
Q9N5P9	13,6	0,00046
A0A137QDX9	13,6	0,00046
O16558	13,5	0,00046
Q0UBF3	13,5	0,00046
H3FKV0	13,5	0,00046
V4M6F9	13,5	0,00046
V4MH29	13,5	0,00046
A0A0A0K9U9	13,5	0,00046
R0FPF9	13,5	0,00046
A2X3Y1	13,4	0,00047
A0A094FY47	13,4	0,00047
A0A094HKR7	13,4	0,00047
A0A0B2R8A1	13,3	0,00048
I1KMK0	13,3	0,00048
K7L3G2	13,3	0,00048
D7LW21	13,3	0,00048
A0A0N4ZPQ6	13,3	0,00049
B9HII2	13,2	0,00049
A0A0D2FCC1	13,2	0,0005
A0A087GPY4	13,2	0,0005
A0A094E604	13,1	0,0005
A0A094GPG2	13,1	0,0005
Q9LHA6	13,1	0,00051
C5WYD6	13	0,00051
A0A183ITX4	13	0,00051
A0A093YFF8	13	0,00051
G0MD59	13	0,00051
A0A087TVL2	13	0,00052
A0A0L1HIE8	13	0,00052
K4ABQ7	13	0,00052
A0A0L0G8S3	12,9	0,00052
A0A0D2Q6Z6	12,9	0,00052
A0A0D2LYL8	12,9	0,00053
M0UGH6	12,9	0,00053
E9DS72	12,8	0,00053
A8WY66	12,8	0,00053
A0A094DDW4	12,8	0,00054
A0A094GSX7	12,8	0,00054
A0A0L0UQY7	12,8	0,00054
D7LW40	12,8	0,00054
A0A0E0QZI0	12,7	0,00055
A0A0B1RQA4	12,7	0,00055
J4HWJ2	12,7	0,00055
T1NDX8	12,7	0,00055
A0A078HX82	12,7	0,00055
A0A0D3AC35	12,7	0,00055
A0A0A1N277	12,6	0,00056
A0A0A1MMI8	12,6	0,00056
T1NR91	12,6	0,00057
K5W998	12,5	0,00057
A0A0F4GYE1	12,5	0,00057
A0A0E0BAR3	12,5	0,00058
A0A094BJA5	12,5	0,00058
A0A094A7E0	12,5	0,00058
A0A094B1A2	12,5	0,00058
H6BW69	12,4	0,00059
A0A078EBW4	12,4	0,00059
A0A0D3CUK6	12,4	0,00059
A0A165UNH1	12,4	0,00059
C1FZR7	12,4	0,00059
A0A0D9XKM8	12,4	0,00059
A0A165AIC8	12,4	0,00059
A0A166IU37	12,4	0,00059
V4KE41	12,3	0,00059
A0A077REU4	12,3	0,00059
I1QWR8	12,3	0,00059
V4JZ57	12,3	0,00059
I1IMZ3	12,3	0,00059
A0A078GG13	12,3	0,0006
M4F3Y7	12,3	0,0006
M4FIH5	12,3	0,0006
C5M5B4	12,3	0,0006
A0A0J1AX98	12,3	0,0006
A0A0D2B806	12,3	0,00061
M4EUN6	12,2	0,00061
A0A077RZK5	12,2	0,00061
M8B174	12,2	0,00061
B8MDG4	12,2	0,00061
W5FTX5	12,2	0,00061
A0A078I4N1	12,2	0,00062
M4CUH8	12,2	0,00062
F9XI77	12,2	0,00062
E3M9C4	12,1	0,00062
M0ZJ51	12,1	0,00063
M0VBP3	12,1	0,00063
M1VBC0	12,1	0,00063
A0A0D2CTW5	12,1	0,00063
A0A0D2FPX3	12,1	0,00063
W9W7N0	12,1	0,00063
A0A067DGD4	12	0,00063
V4SW57	12	0,00063
V4V0C5	12	0,00064
A0A078BVI5	12	0,00064
K7I4Z7	12	0,00064
A0A078IM34	11,9	0,00065
A0A0C3CKG8	11,9	0,00065
W9RIX7	11,9	0,00065
A0A087HB71	11,9	0,00065
A0A095CIZ4	11,9	0,00065
Q5KD08	11,9	0,00065
V4V2F2	11,9	0,00066
A0A0C3DIF6	11,9	0,00066
A2Z7L7	11,9	0,00066
A0A067K843	11,8	0,00067
K5XHI7	11,8	0,00067
M7T6F7	11,7	0,00068
A0A0D3APD1	11,7	0,00068
A0A1B6PED0	11,7	0,00068
M7ZMA1	11,7	0,00068
A0A175YR43	11,7	0,00068
C5YI72	11,6	0,00069
M0TSE8	11,6	0,00069
A0A078DKA9	11,6	0,00069
A0A0D3C1J2	11,6	0,00069
G1X2H7	11,6	0,0007
A0A183C568	11,6	0,0007
A0A177DUJ3	11,6	0,0007
E5SYD6	11,6	0,0007
A0A179U009	11,6	0,0007
C5GI29	11,6	0,0007
A8XMW0	11,6	0,0007
A0A0D9YR20	11,6	0,0007
B8NRC2	11,6	0,0007
Q2UA63	11,6	0,0007
U5FPB3	11,6	0,00071
A0A078BU68	11,5	0,00071
A0A100IM88	11,5	0,00072
A0A0D3GXL8	11,5	0,00072
M1DP75	11,4	0,00072
A0A078HPY3	11,4	0,00072
M4ETL8	11,4	0,00072
A0A0E0MHC2	11,4	0,00072
A0A078IXF2	11,4	0,00072
A0A0B2QSA6	11,4	0,00072
K7KG70	11,4	0,00072
A0A167Z1Z7	11,4	0,00072
A8XAP9	11,4	0,00073
A0A078GH56	11,4	0,00073
T1NT18	11,4	0,00073
G0P3B2	11,3	0,00074
R7SB96	11,3	0,00074
A0A0D3F460	11,3	0,00074
A0A087HDR3	11,3	0,00075
B8BLG4	11,3	0,00075
A0A078F184	11,3	0,00075
A0A0D3DZU1	11,3	0,00075
A0A087HB73	11,3	0,00075
A0A0R3WFM5	11,2	0,00076
A0A0D3AKA9	11,2	0,00076
A0A1B6QJL5	11,2	0,00076
A0A1B6QJM1	11,2	0,00076
V4LZ86	11,2	0,00076
A2Z7L3	11,2	0,00076
J3LC42	11,2	0,00076
A0A078FB73	11,2	0,00077
M4DUE9	11,2	0,00077
H3FJX4	11,2	0,00077
G7JQ23	11,2	0,00077
A0A0D9W417	11,1	0,00077
D7LXD1	11,1	0,00078
A0A165ID34	11,1	0,00078
M5GEG3	11,1	0,00078
A0A059JA79	11,1	0,00078
F2PQA0	11,1	0,00078
A0A067N2P1	11	0,00079
D7LPQ6	11	0,0008
Q9M2J6	11	0,0008
G9NF59	11	0,0008
A0A067DE09	10,9	0,00081
A0A0D3CI20	10,9	0,00081
C7YTN6	10,9	0,00081
A7EXI1	10,9	0,00081
A0A0D8XMU0	10,9	0,00082
A0A078GSU4	10,9	0,00082
F4IYY5	10,9	0,00082
A0A151GI76	10,8	0,00082
E3MUR5	10,8	0,00083
M1CVS8	10,8	0,00083
A0A0D9XK17	10,8	0,00083
A0A167FWW4	10,8	0,00083
A0A066X618	10,8	0,00084
E3QAW5	10,8	0,00084
M4DHK4	10,7	0,00085
S8G7M1	10,7	0,00085
M5WW90	10,7	0,00085
A2Z7H6	10,6	0,00086
F0XD17	10,6	0,00087
I1I445	10,6	0,00087
A0A0E0M7V1	10,5	0,00088
A0A0E0BAQ4	10,5	0,00088
A0A087GYU3	10,5	0,00088
A0A0E0RB60	10,5	0,00088
B8BLG5	10,5	0,00088
I1R1N0	10,5	0,00088
G8YI94	10,5	0,00088
A0A059D473	10,5	0,00088
A0A0D3D0E1	10,5	0,00089
Q9LX76	10,5	0,00089
A0A0E0M7Y5	10,5	0,00089
A0A0K8L8M8	10,5	0,0009
M3AWX3	10,4	0,0009
A0A0E0M7V3	10,4	0,0009
A0A078IMW7	10,4	0,0009
C5GVW5	10,4	0,0009
U5G4K6	10,4	0,00091
A0A0D3DU54	10,4	0,00091
Q9M2H9	10,3	0,00092
A2Z7J9	10,3	0,00092
A0A022RM46	10,3	0,00092
Q9M2H5	10,3	0,00092
A2Z7J8	10,3	0,00092
B9G7V2	10,3	0,00092
I1QUQ6	10,3	0,00092
A0A0E0QZD1	10,3	0,00092
M4CMW6	10,3	0,00093
A0A0E0M7U9	10,3	0,00093
A0A078E2X8	10,3	0,00093
G0MW00	10,3	0,00094
G0MUL3	10,2	0,00095
A0A067DP25	10,2	0,00095
M8ABM3	10,2	0,00095
U5FST4	10,2	0,00095
K3ZNL4	10,2	0,00095
Q9BLC3	10,2	0,00096
A0A183BQR3	10,1	0,00096
W6Q017	10,1	0,00096
A0A094AZR7	10,1	0,00097
E3NB92	10,1	0,00097
O76557	10	0,00098
P11467	10	0,00098
W9YFT9	10	0,00099
A0A022RKQ6	10	0,00099
V4KHU0	10	0,00099
A0A078GD65	10	0,00099
A0A078CLG2	10	0,001
A0A0D3BBS4	10	0,001
A0A151TVR6	10	0,001
A0A0V0TTV9	10	0,001
P0DKG4	9,9	0,001
L8G9Z8	9,9	0,001
M7YBX0	9,9	0,001
B4FE04	9,9	0,001
S2K9Q0	9,8	0,001
A0A067Q0U1	9,8	0,001
A0A0E0QZB8	9,8	0,001
W9ZG50	9,8	0,001
A0A0E0AXU5	9,8	0,001
A0A0D1WCC2	9,8	0,001
A0A0R3X5Q3	9,8	0,001
A0A0C9ZBW6	9,7	0,0011
A0A1B6QJL3	9,7	0,0011
K7IM54	9,7	0,0011
M0ZJ52	9,7	0,0011
A0A059D593	9,7	0,0011
B6HKL7	9,6	0,0011
A1C513	9,6	0,0011
B8BGY4	9,6	0,0011
F8Q791	9,6	0,0011
A0A0E0QZC2	9,6	0,0011
A0A067NYT0	9,6	0,0011
A0A0M3IZ13	9,6	0,0011
K4AKI2	9,6	0,0011
A0A0D9YR21	9,5	0,0011
M0UDU8	9,5	0,0011
A0A022RJK1	9,4	0,0011
D8PX32	9,4	0,0011
A0A084FX29	9,4	0,0011
A0A0F8A5M6	9,4	0,0011
A0A0D9XKN1	9,4	0,0011
K0TE75	9,4	0,0011
I2G116	9,4	0,0011
M7ZSR3	9,3	0,0011
A0A0D3BPB9	9,3	0,0011
F3NWW4	9,3	0,0012
W2S7E7	9,3	0,0012
V4NN07	9,3	0,0012
A0A094CGM9	9,3	0,0012
A0A094GW90	9,3	0,0012
A0A0U1LWA9	9,3	0,0012
T4ZZL9	9,2	0,0012
A0A167TRN3	9,2	0,0012
G0P3J4	9,2	0,0012
A0A135LKX0	9,2	0,0012
A0A0G2EHE6	9,2	0,0012
V4SYW5	9,2	0,0012
A0A0D2JYM6	9,2	0,0012
A0A0P7AKU5	9,2	0,0012
A0A0U5GNH0	9,1	0,0012
A0A0N4ZQY7	9,1	0,0012
A0A0E0M7U2	9,1	0,0012
G7LEE7	9	0,0012
A8Y045	9	0,0012
Q9M2H2	9	0,0012
R9NXV7	9	0,0012
V5ERL6	9	0,0012
A0A067TNR1	9	0,0012
A0A139IN02	9	0,0012
A0A1B6QNV1	9	0,0012
K3YEV8	9	0,0012
A0A068RM93	9	0,0012
A0A068RPE2	9	0,0012
Q2GXQ5	9	0,0012
M5XFD3	8,9	0,0012
G0MW01	8,9	0,0013
W9XHT9	8,9	0,0013
A0A058ZWS8	8,9	0,0013
A0A0C3GTY8	8,9	0,0013
D7LW14	8,9	0,0013
K7N2D0	8,9	0,0013
A0A0D3CUJ9	8,9	0,0013
A0A094BYU9	8,9	0,0013
M5VQ93	8,9	0,0013
A0A0G2J853	8,9	0,0013
A0A087GYU5	8,8	0,0013
A0A078FYT3	8,8	0,0013
H2KYK6	8,8	0,0013
Q2V074	8,8	0,0013
Q9ZUA7	8,8	0,0013
E3MUX3	8,8	0,0013
A0A1B6QKS6	8,8	0,0013
A0A087H4U7	8,8	0,0013
A0A0C4E8V7	8,8	0,0013
J3NMX6	8,8	0,0013
Q86AY4	8,7	0,0013
V4KI04	8,7	0,0013
A0A0L0SID3	8,7	0,0013
A0A022RCW6	8,7	0,0013
K7LI65	8,7	0,0013
G0P313	8,7	0,0013
A0A139HA91	8,7	0,0013
A0A0D3HDU7	8,6	0,0013
I1QUN2	8,6	0,0013
M4F2W4	8,6	0,0013
A0A078FCR7	8,6	0,0013
A0A0D3BSN4	8,6	0,0013
E1Z7C2	8,6	0,0013
Q9UTT1	8,6	0,0013
K4AII7	8,6	0,0013
A2Z7H8	8,6	0,0013
A0A183BPQ2	8,6	0,0014
M4CGJ6	8,6	0,0014
A0A0C3SAZ6	8,5	0,0014
M4CT48	8,5	0,0014
A0A0D2AWV7	8,5	0,0014
A0A0D2CF81	8,5	0,0014
A0A0E0QIT5	8,5	0,0014
Q6Z9X9	8,5	0,0014
A0A0E0M8T3	8,5	0,0014
A0A165FUB2	8,5	0,0014
C5WNI8	8,4	0,0014
A0A0E0LSJ2	8,4	0,0014
U1GR58	8,4	0,0014
A0A072NW91	8,4	0,0014
A0A022RMK4	8,4	0,0014
A0A067D5P6	8,4	0,0014
K7MZE3	8,4	0,0014
A0A087GYV2	8,4	0,0014
O76559	8,4	0,0014
C5DVI8	8,3	0,0014
K1VHA8	8,3	0,0014
A0A0G4KU46	8,3	0,0014
A0A061EPV2	8,2	0,0014
A0A087FZ67	8,2	0,0015
E3M9C6	8,2	0,0015
A0A078CYW0	8,2	0,0015
M4CBT0	8,2	0,0015
A0A0S4IZ20	8,2	0,0015
I1IBJ4	8,2	0,0015
A0A078BXN9	8,2	0,0015
R0HY03	8,2	0,0015
A8QC24	8,1	0,0015
I1HS65	8,1	0,0015
R0GB70	8,1	0,0015
V4MCP0	8,1	0,0015
A0A166NNL3	8	0,0015
A0A162PLP4	8	0,0015
A0A078IFM6	8	0,0015
M4DK45	8	0,0015
G2XEF0	8	0,0015
R0G1B7	8	0,0015
A0A077RPX8	8	0,0015
A0A136J6C9	8	0,0015
E3N072	8	0,0015
V4V2E8	8	0,0015
A0A0D3HE07	7,9	0,0015
A0A022RKP7	7,9	0,0016
A0A077RZY6	7,9	0,0016
A0A0C3FLZ6	7,9	0,0016
C9S545	7,9	0,0016
W4XNT0	7,9	0,0016
A2XXT3	7,8	0,0016
I1PQ31	7,8	0,0016
Q0J9Y3	7,8	0,0016
A0A0D3G0M0	7,8	0,0016
A0A0D9ZQZ7	7,8	0,0016
A0A0E0KVI1	7,8	0,0016
A0A0E0PEC1	7,8	0,0016
N4VM12	7,8	0,0016
A0A0C2X5S9	7,8	0,0016
V4KZP4	7,8	0,0016
A0A0Q3N366	7,8	0,0016
V5HV43	7,7	0,0016
A0A022PT09	7,7	0,0016
A0A061EAN9	7,7	0,0016
A0A061EA04	7,7	0,0016
W6UNG6	7,7	0,0016
A0A0B2NXP5	7,7	0,0016
A0A087GPA9	7,7	0,0016
A0A0D3DU59	7,7	0,0016
B6QFK0	7,7	0,0016
A8XW31	7,7	0,0016
M4CKG2	7,7	0,0016
S3BM66	7,6	0,0016
B0W2B0	7,6	0,0017
M1DE71	7,6	0,0017
K4ACC9	7,6	0,0017
V4M502	7,6	0,0017
A0A0C9LRC1	7,6	0,0017
D7M5K5	7,5	0,0017
M4CWX8	7,5	0,0017
G0P3J6	7,5	0,0017
A0A0D9XJW4	7,5	0,0017
C5YPR7	7,4	0,0017
V7D0H5	7,4	0,0017
A0A183NGN5	7,4	0,0018
A0A0D1E084	7,4	0,0018
A0A0D9W9T4	7,4	0,0018
V4SEF1	7,3	0,0018
I1IK53	7,3	0,0018
A0A078HC56	7,3	0,0018
M4C7T0	7,3	0,0018
A0A0D3APC8	7,3	0,0018
V4KPX6	7,3	0,0018
A0A078I5X7	7,3	0,0018
A8XW33	7,3	0,0018
P34324	7,2	0,0018
I1I4Q6	7,2	0,0018
I1I4Q7	7,2	0,0018
Q9XWB9	7,2	0,0018
T1N1R4	7,2	0,0018
J3N3E9	7,2	0,0018
V4NDX1	7,2	0,0018
A0A022RJ27	7,2	0,0018
G2YMI4	7,2	0,0018
M7U2Z9	7,2	0,0018
A0A022R607	7,2	0,0018
A0A081CCQ0	7,1	0,0018
M9LXW4	7,1	0,0018
A0A0B7MUL2	7,1	0,0018
K1RGH1	7,1	0,0018
A0A0D3HDZ6	7,1	0,0018
B9G5V7	7,1	0,0019
A0A0D3ABN6	7	0,0019
A0A022RKR6	7	0,0019
V4SW67	7	0,0019
E3MDH8	7	0,0019
Q9TYJ0	7	0,0019
A0A078EZN2	7	0,0019
I1R1N3	7	0,0019
A0A077S5D3	7	0,0019
E3KEX9	7	0,0019
C5X1K1	6,9	0,0019
V4UZX9	6,9	0,0019
A0A0J8BI58	6,9	0,0019
C5Y6G4	6,9	0,002
A0A067DJK6	6,8	0,002
V3Z788	6,8	0,002
W5FEC2	6,8	0,002
E3MIY6	6,8	0,002
A0A0E0JJA7	6,8	0,002
D7LIT0	6,7	0,002
A0A183C1J1	6,7	0,002
A0A183CS69	6,7	0,002
A0A078DID3	6,7	0,002
R0FTD2	6,6	0,0021
A0A077S3J8	6,6	0,0021
A0A0B2QF78	6,6	0,0021
V4MDW6	6,6	0,0021
L2G5Z7	6,5	0,0021
T0JIA6	6,5	0,0021
R0K702	6,5	0,0021
A0A078BXM9	6,5	0,0021
A0A0R3PJR2	6,5	0,0021
A0A022RJ23	6,5	0,0021
A0A0E0QZB2	6,5	0,0021
Q7XEG1	6,5	0,0021
A0A166J3S9	6,4	0,0021
F3NWW3	6,4	0,0021
H2KYT1	6,4	0,0021
H3DTF1	6,4	0,0022
J3N2T3	6,3	0,0022
E5AEH3	6,3	0,0022
A0A0D9X7Q2	6,3	0,0022
A0A1B6QJ67	6,2	0,0023
A0A022QLJ6	6,2	0,0023
A0A060SG58	6,2	0,0023
T1NH42	6,1	0,0023
A0A022QVM3	6,1	0,0023
A0A078EMH6	6,1	0,0023
T1IL37	6	0,0023
A0A078HM20	6	0,0023
M4E4Z8	6	0,0023
T1LVJ9	6	0,0024
A0A010RW34	6	0,0024
A0A135V3T8	6	0,0024
A0A135UVE2	6	0,0024
C5XF93	6	0,0024
V4SW62	6	0,0024
V4T8T9	5,9	0,0024
R0GT64	5,9	0,0024
E3M9E3	5,9	0,0024
M0VN51	5,7	0,0025
A0A078G2P9	5,7	0,0025
A0A087GYU1	5,7	0,0025
G6DP47	5,7	0,0025
M4CGJ8	5,7	0,0025
A0A166FST2	5,7	0,0025
A0A078GPX2	5,6	0,0026
G0NJY2	5,6	0,0026
A0A0E0M7U1	5,6	0,0026
A0A0L8G8F2	5,6	0,0026
A0A0L8G8I9	5,6	0,0026
A0A0L8G8X8	5,6	0,0026
B9HA83	5,6	0,0026
J3LY04	5,6	0,0026
W9R3Y7	5,6	0,0026
A0A0P1BQ38	5,5	0,0026
V4V2E0	5,5	0,0026
A0A178DTI7	5,5	0,0026
V4P0Z9	5,5	0,0026
A0A078GFB3	5,5	0,0026
A0A0F7TUQ6	5,5	0,0026
F4JKT0	5,4	0,0027
A8JCI9	5,4	0,0027
A0A0E0M8T1	5,4	0,0027
A0A022RM25	5,4	0,0027
D7LIS1	5,4	0,0027
D7KL18	5,4	0,0027
V4NDW2	5,4	0,0027
A1L4W5	5,4	0,0027
Q9M2J0	5,3	0,0027
V4SWM1	5,3	0,0027
E3N331	5,3	0,0027
M1CVS9	5,3	0,0027
A0A087GYU7	5,3	0,0027
A0A022RMT2	5,3	0,0027
I1J226	5,3	0,0027
Q9TYJ1	5,3	0,0027
A0A068Y4U1	5,2	0,0028
M4CKG4	5,2	0,0028
T1IK46	5,2	0,0028
A0A022QAE9	5,2	0,0028
T1NHH1	5,2	0,0028
A0A066WKN9	5,2	0,0028
E7A0L3	5,2	0,0028
G0NR76	5,2	0,0028
A0A0M8MIW7	5,1	0,0028
D7M4W4	5,1	0,0029
I1QUP4	5,1	0,0029
A0A0D3HDV7	5,1	0,0029
A0A087HFQ7	5,1	0,0029
E3MWX6	5,1	0,0029
A0A0E0AIB7	5,1	0,0029
F0ZT14	5,1	0,0029
G0M9W9	5,1	0,0029
D7LG86	5	0,0029
A0A0D3E5B2	5	0,0029
A0A086SW02	5	0,0029
A0A0E0P561	5	0,0029
A0A0A2ILR0	5	0,0029
A8WK92	5	0,0029
A0A078BSY9	5	0,003
E3MUW5	5	0,003
A0A0D3CUJ7	4,9	0,003
K7MZE2	4,9	0,003
A0A078GGM5	4,9	0,003
A0A0D3C3S9	4,9	0,003
A0A0D3FI02	4,9	0,003
A2Z7G5	4,9	0,003
A0A067KXK0	4,9	0,003
K3Y7V4	4,9	0,003
L1JQ66	4,8	0,0031
A0A067K6U5	4,8	0,0031
A0A087UE47	4,8	0,0031
A0A168QFW1	4,8	0,0031
D7SXN2	4,8	0,0031
B9HK38	4,8	0,0031
R0HQ94	4,8	0,0031
L8H3J5	4,8	0,0031
I1QUQ3	4,7	0,0031
M2SJQ7	4,7	0,0031
W6XVB3	4,7	0,0031
K0T442	4,7	0,0031
R0FPW3	4,7	0,0032
A2Y3V4	4,6	0,0032
I1Q9Y4	4,6	0,0032
D7LNH5	4,6	0,0032
M4FEX4	4,5	0,0032
A0A0K9QZI5	4,5	0,0033
A0A162YD49	4,4	0,0033
O17303	4,4	0,0033
A0A095CEB4	4,4	0,0033
A0A095A617	4,4	0,0033
G4VNC2	4,4	0,0033
A0A0A0KND8	4,4	0,0034
V4KB00	4,4	0,0034
O16567	4,4	0,0034
M5XDH2	4,3	0,0034
E0VDU9	4,3	0,0034
A0A087GYX4	4,3	0,0034
A0A087G1I9	4,3	0,0034
M4CGK4	4,3	0,0034
A0A0D2U9T5	4,2	0,0035
A0A166J3K3	4,2	0,0035
A0A078CXJ9	4,2	0,0035
R0G9H6	4,1	0,0035
M2UFL5	4,1	0,0035
C5Y6D3	4,1	0,0036
A0A0E0MHF3	4,1	0,0036
E7FBZ8	4,1	0,0036
W5LZG5	4,1	0,0036
A0A158QF55	4	0,0036
A0A0E0QZG5	4	0,0037
B8BH10	4	0,0037
E3MUV2	4	0,0037
W5KND1	4	0,0037
A0A165P3J1	3,9	0,0037
A0A0L7L671	3,9	0,0037
M5Y6E1	3,9	0,0037
Q6YSV3	3,9	0,0037
M7YTF2	3,9	0,0037
M1A7N2	3,9	0,0037
A0A078IDD9	3,9	0,0037
A0A0E0QIT8	3,9	0,0038
Q16LE4	3,8	0,0038
Q9LTQ5	3,8	0,0038
A0A0E0BAR6	3,8	0,0038
M4DFI2	3,8	0,0038
A0A058ZVH3	3,8	0,0038
V4T8W1	3,8	0,0038
Q9C870	3,8	0,0039
M4DDK7	3,7	0,0039
A0A0D3H2B0	3,7	0,0039
T1NM99	3,6	0,0039
A0A0N0S012	3,6	0,004
A0A194QQZ1	3,6	0,004
A0A0F4YEG1	3,6	0,004
M0W9P5	3,6	0,004
W4ZNY7	3,6	0,004
K4AIP2	3,6	0,004
W9CI78	3,6	0,004
C5X1I9	3,5	0,0041
K3YIM3	3,5	0,0041
A0A0L9U9Y7	3,5	0,0041
I1I8X6	3,5	0,0041
A0A078EY22	3,5	0,0041
M4CGJ9	3,4	0,0041
A0A164X8T8	3,4	0,0041
V7BL35	3,4	0,0042
A0A093HL46	3,4	0,0042
A0A099ZE16	3,4	0,0042
K7G073	3,4	0,0042
M7CAQ2	3,4	0,0042
H9IZU5	3,4	0,0042
K3YL82	3,4	0,0042
W4KJD4	3,3	0,0042
H3CQD5	3,3	0,0043
K7K8X8	3,2	0,0043
F0Z9B6	3,2	0,0043
A0A0J8CXR2	3,2	0,0043
A0A117NS54	3,2	0,0043
I1QUT5	3,2	0,0043
D7LIS7	3,2	0,0043
A0A0D2RGS1	3,2	0,0044
A0A0B2NXJ3	3,1	0,0044
A0A0G4J848	3,1	0,0044
I1JFX1	3,1	0,0044
V4T647	3,1	0,0045
A0A022RQ10	3,1	0,0045
A0A022RLT7	3	0,0045
A0A078DA12	3	0,0045
A0A0F8CNF2	3	0,0045
G3QCH5	3	0,0045
H2TD14	3	0,0045
I3KL87	3	0,0045
M5EDW2	3	0,0045
K1XLS8	3	0,0045
H9GHH9	3	0,0046
A0A091HX67	2,9	0,0046
M4ERS2	2,9	0,0046
A8JCI5	2,9	0,0047
A0A088A6D2	2,9	0,0047
A0A088A530	2,9	0,0047
A0A0L7R8L2	2,9	0,0047
A0A0M8ZS54	2,9	0,0047
E2AFH9	2,9	0,0047
E2BKN5	2,9	0,0047
E9IK79	2,9	0,0047
A0A0E0M7Y2	2,9	0,0047
R0FTM8	2,9	0,0047
A0A078GE20	2,8	0,0047
A0A0E0QZH5	2,8	0,0047
A2Z7P5	2,8	0,0047
A0A0D3CZC8	2,8	0,0048
W5LZI9	2,8	0,0048
F6YPE7	2,8	0,0048
T1LFL4	2,7	0,0048
M4C7G9	2,7	0,0048
A0A158P425	2,7	0,0048
F4WYL9	2,7	0,0048
A0A194XB48	2,7	0,0048
A0A078E947	2,7	0,0048
M4CJM1	2,7	0,0048
A0A0D2UWR2	2,7	0,0049
T1NK10	2,7	0,0049
W4ZP92	2,7	0,0049
A0A0E0Q6W0	2,7	0,0049
D7GYH4	2,7	0,0049
K3YN86	2,6	0,0049
V4LV17	2,6	0,0049
A0A0D3DU60	2,6	0,0049
D7LIS2	2,6	0,0049
Q9N5P6	2,6	0,0049
A0A078CZH0	2,6	0,005
M4CC55	2,6	0,005
W5A2V4	2,6	0,005
Q9SHT2	2,5	0,005
B6UAA7	2,5	0,005
A0A078DN94	2,5	0,005
M4D856	2,5	0,005
F6YNM2	2,5	0,0051
G0MD29	2,5	0,0051
K9FRB0	2,4	0,0051
A0A0D9VRM6	2,4	0,0051
A0A087R019	2,4	0,0052
A0A091F5M3	2,4	0,0052
A0A091GJW3	2,4	0,0052
A0A091HG61	2,4	0,0052
A0A091KWP1	2,4	0,0052
A0A091LQ44	2,4	0,0052
A0A091M9F3	2,4	0,0052
A0A091LVG5	2,4	0,0052
A0A091QNJ6	2,4	0,0052
A0A091PIW4	2,4	0,0052
A0A091QQU1	2,4	0,0052
A0A091SNW6	2,4	0,0052
A0A091T0U3	2,4	0,0052
A0A091UJM3	2,4	0,0052
A0A091ULG7	2,4	0,0052
A0A091WVT9	2,4	0,0052
A0A093C7N6	2,4	0,0052
A0A093DYH9	2,4	0,0052
A0A093J2G1	2,4	0,0052
A0A093QJB7	2,4	0,0052
A0A093QR52	2,4	0,0052
A0A091MK81	2,4	0,0052
A0A094KSN0	2,4	0,0052
A0A0A0A9Z9	2,4	0,0052
A0A093EY43	2,4	0,0052
A0A091PLQ3	2,4	0,0052
A0A0Q3PQN4	2,4	0,0052
F1NYX7	2,4	0,0052
G1N5M3	2,4	0,0052
G3USU5	2,4	0,0052
H0ZAT8	2,4	0,0052
U3J3S3	2,4	0,0052
A8Y109	2,4	0,0052
V4S1B4	2,4	0,0052
A0A0K9Q088	2,3	0,0052
A0A078DXU6	2,3	0,0053
A0A151XG43	2,2	0,0053
K4AMW8	2,2	0,0054
A0A058ZWJ4	2,2	0,0054
A0A0A2KI10	2,2	0,0054
M8AY87	2,2	0,0054
K1P9D6	2,2	0,0054
G0MD92	2,2	0,0054
A0A0B2SFI6	2,1	0,0055
A8XVT1	2,1	0,0055
A0A061DVF4	2,1	0,0055
A0A0E0QZC7	2,1	0,0056
E9FZ57	2	0,0056
A0A0G4PSS6	2	0,0056
A0A0D3HE01	2	0,0057
A0A077S4M4	2	0,0057
A0A0D3BX32	2	0,0057
E3MUX5	1,9	0,0058
A0A087HI52	1,9	0,0058
A0A078HE38	1,9	0,0058
D7LIS4	1,8	0,0058
M0XQK1	1,8	0,0059
A0A0B2P6S8	1,8	0,0059
I1MRW6	1,8	0,0059
Q9XV51	1,8	0,0059
W5FFW0	1,8	0,0059
Q8WTL4	1,8	0,0059
A0A022QA58	1,8	0,0059
F4I479	1,8	0,0059
K7IT13	1,7	0,006
A0A183HMX8	1,7	0,006
A0A091DJ63	1,7	0,006
A0A0G2JVT0	1,7	0,006
A0A0G2KA84	1,7	0,006
D3ZL82	1,7	0,006
E1BGD4	1,7	0,006
E2RKB8	1,7	0,006
F1PKZ8	1,7	0,006
F6Z2R3	1,7	0,006
G1P6K8	1,7	0,006
G1SHB0	1,7	0,006
G3SSB1	1,7	0,006
H0X6A8	1,7	0,006
I3MJY1	1,7	0,006
L5MC05	1,7	0,006
L5JS12	1,7	0,006
M3WIN8	1,7	0,006
M3YUX5	1,7	0,006
Q6PCX9	1,7	0,006
S7MEP1	1,7	0,006
W5PQH4	1,7	0,006
C1ECQ0	1,7	0,006
G0NYU0	1,7	0,0061
Q9TZA4	1,7	0,0061
T1N1L9	1,6	0,0061
A0A091IWY9	1,6	0,0061
V4KKD8	1,6	0,0061
A0A078ISF8	1,6	0,0061
K3YMJ1	1,6	0,0061
A8X6K1	1,6	0,0062
A0A151RHL2	1,6	0,0062
G3HJ83	1,5	0,0063
A0A022PV86	1,5	0,0063
Q9SLV3	1,5	0,0063
Q9LSD2	1,4	0,0064
K3YLD6	1,4	0,0064
K0R1P6	1,4	0,0064
A0A0D3HDZ5	1,4	0,0064
A0A059D3S4	1,4	0,0064
E3MUQ9	1,4	0,0065
A0A0D9R0K2	1,3	0,0065
F7FFF8	1,3	0,0065
F7HQA2	1,3	0,0065
F7HS35	1,3	0,0065
F7IP41	1,3	0,0065
G1RAZ2	1,3	0,0065
G7PUG6	1,3	0,0065
H2NVA2	1,3	0,0065
H2QDJ7	1,3	0,0065
O94972	1,3	0,0065
A0A093GRL8	1,3	0,0065
A0A078ICZ5	1,3	0,0065
M4DK46	1,3	0,0065
A0A151TYB4	1,3	0,0065
V8NJX4	1,2	0,0066
A0A0D3FTH2	1,2	0,0067
I1PJP7	1,2	0,0067
A0A022Q6D8	1,2	0,0067
A0A078F7K0	1,2	0,0067
A0A0T6BGH3	1,2	0,0067
A0A077S6V6	1,1	0,0068
I1JQJ7	1,1	0,0068
K7KGA3	1,1	0,0068
A0A078EAR6	1,1	0,0068
A0A0D3CUK2	1,1	0,0068
A0A087USF5	1,1	0,0068
K3ZEW4	1,1	0,0069
H0V6W4	1,1	0,0069
R0GAY5	1,1	0,0069
A0A0K9QN45	1	0,007
A0A1B6PIQ2	1	0,007
F4J4A1	1	0,007
A0A0D9ZI46	0,9	0,0071
A5DJV3	0,9	0,0071
A0A067G1A4	0,9	0,0071
V4RF60	0,9	0,0071
V4RXP4	0,9	0,0071
T1M980	0,9	0,0071
A0A078H4W1	0,9	0,0072
A0A0D3AA81	0,9	0,0072
A0A022QD89	0,9	0,0072
A0A067L123	0,9	0,0072
A0A0L0H9R4	0,9	0,0072
D7KL17	0,9	0,0072
D7LW35	0,9	0,0072
A0A0D3AKL3	0,9	0,0072
A0A1B6PIS1	0,9	0,0072
H3F7A3	0,9	0,0072
G0MD27	0,8	0,0072
A0A058ZVK8	0,8	0,0072
K7IEP9	0,8	0,0073
K7IEQ0	0,8	0,0073
D5K228	0,8	0,0073
A0A022RQ30	0,8	0,0073
A0A0D3EUP0	0,8	0,0073
A0A0E0JPE2	0,8	0,0073
I1QUN3	0,8	0,0073
A0A078J8M7	0,8	0,0074
A0A0D3B5W9	0,8	0,0074
U4UV20	0,8	0,0074
M0VIY9	0,7	0,0074
M0VIZ0	0,7	0,0074
M0VIZ1	0,7	0,0074
M0VIZ2	0,7	0,0074
G7Y332	0,7	0,0074
V4SYV9	0,7	0,0074
V4T8V0	0,7	0,0074
A0A0D3DU55	0,7	0,0075
A0A162WQ42	0,7	0,0075
T1J764	0,6	0,0076
R0FU38	0,6	0,0076
Q9FWZ3	0,4	0,008
A0A0P0XUD9	0,4	0,008
A0A078I3E1	0,4	0,008
M0Y3G6	0,3	0,0081
A0A022RQ25	0,3	0,0082
M4EED7	0,3	0,0082
E3MQB1	0,2	0,0083
D7LMW8	0,2	0,0083
E3MUR0	0,2	0,0084
A0A0E0BAU6	0,1	0,0085
V4SC84	0,1	0,0085
F4IN32	0,1	0,0086
A0A0D9XKN4	0,1	0,0086
A0A0D2W9H2	0,1	0,0086
D7LIS8	0	0,0087
A2Z7P6	0	0,0087
R0GZZ8	0	0,0088
W5AH00	0	0,0088
A0A151W6M3	-0,1	0,0088
A0A068RPJ1	-0,1	0,0088
A0A0D3HE02	-0,1	0,0089
I1QUT6	-0,1	0,0089
A0DWJ9	-0,1	0,0089
F4KG56	-0,1	0,0089
P91300	-0,1	0,0089
M5WA05	-0,2	0,009
G0MD30	-0,2	0,009
M7Y661	-0,2	0,009
D8S0J2	-0,2	0,009
R0H9N8	-0,2	0,009
S8E7U7	-0,2	0,0091
A0A087HFQ5	-0,2	0,0091
A0A078GVY8	-0,2	0,0091
A0A022RMI9	-0,2	0,0091
A0A0R3T0V2	-0,2	0,0092
A0A0E0P6H1	-0,2	0,0092
A2YQ99	-0,2	0,0092
Q7X6Y0	-0,2	0,0092
V4T8V4	-0,2	0,0092
A0A0J8RDZ7	-0,2	0,0092
D7LNH3	-0,3	0,0092
A0A067R945	-0,3	0,0092
A2Z7G0	-0,3	0,0093
Q9N5Q0	-0,3	0,0093
C5WYE3	-0,3	0,0093
A0A151N606	-0,3	0,0094
A0A087GYX3	-0,3	0,0094
H3DV97	-0,4	0,0094
E3MUQ7	-0,4	0,0095
A0A0E0QZH6	-0,4	0,0096
Q7XE71	-0,4	0,0096
V4NN11	-0,4	0,0096
A0A022RKS9	-0,5	0,0097
A0A059D4N8	-0,5	0,0097
A0A0E0LJH8	-0,5	0,0098
A0A067FXS8	-0,6	0,0098
A8WK19	-0,6	0,0099
I1QUQ0	-0,6	0,0099
C5X1F1	-0,6	0,01
A0A078C2K0	-0,6	0,01
A0A078DNN1	-0,6	0,01
A0A0D3B268	-0,6	0,01
M4CQV0	-0,6	0,01
A0A022RMC3	-0,7	0,01
H3FKU7	-0,7	0,01
A0A074ZBA2	-0,7	0,01
Q8MPV2	-0,7	0,01
R1D0L3	-0,8	0,01
D2VDS6	-0,8	0,01
A0A022Q7C3	-0,9	0,011
A0A078HZV6	-0,9	0,011
D7LIS9	-0,9	0,011
W5A4Q4	-0,9	0,011
A0A0D3H038	-0,9	0,011
I1QIJ5	-0,9	0,011
M1AGC5	-0,9	0,011
M1AGC6	-0,9	0,011
V4KKM4	-0,9	0,011
H2KY61	-0,9	0,011
Q3V5H9	-0,9	0,011
V4LKI3	-1	0,011
A8XYS9	-1	0,011
Q8VZ38	-1	0,011
A0A0D3H039	-1	0,011
A2YV42	-1	0,011
A0A0E1RW17	-1,1	0,011
A0A0J6Y9F4	-1,1	0,011
A0A0J8QRC3	-1,1	0,011
E9DB87	-1,1	0,011
W5J6W1	-1,1	0,011
A0A0E0QZG4	-1,1	0,011
B8BH09	-1,1	0,011
B9G5V6	-1,1	0,011
A0A077RRS6	-1,1	0,011
A0A078D6I2	-1,2	0,011
M4E2C3	-1,2	0,011
A0A0L9TV57	-1,2	0,011
A0A078EQQ7	-1,2	0,011
R1DS68	-1,3	0,011
R0HFG4	-1,3	0,011
V4LWA9	-1,3	0,011
A0A022QE78	-1,3	0,011
V4KTY2	-1,3	0,012
Q54NN4	-1,3	0,012
A0A078JDV3	-1,4	0,012
W9QKW9	-1,4	0,012
U3JSY9	-1,4	0,012
A0A022Q3C6	-1,4	0,012
H3F7A4	-1,4	0,012
A0A078D7C3	-1,5	0,012
M4C8W2	-1,5	0,012
R0FSS1	-1,5	0,012
B6TWT3	-1,5	0,012
B6TTQ3	-1,5	0,012
A0A0D3CZC7	-1,5	0,012
A0A087HA93	-1,6	0,012
A9RES7	-1,6	0,012
A0A0D9X9Y2	-1,6	0,012
P0DKG7	-1,6	0,012
A0A0L0HRC4	-1,6	0,012
A0A058ZYD3	-1,6	0,012
R1CT19	-1,7	0,012
A0A087HI51	-1,7	0,012
A0A177BVS4	-1,7	0,012
A0A078IK56	-1,7	0,013
V4KHV1	-1,7	0,013
A0A078C719	-1,7	0,013
R0H230	-1,8	0,013
A0A0L9TU81	-1,8	0,013
D7KJU1	-1,8	0,013
A0A090N4Q1	-1,8	0,013
V4L659	-1,8	0,013
A0A078EYE4	-1,9	0,013
D7LDB3	-1,9	0,013
A0A0E0L4S1	-1,9	0,013
R0HPY9	-1,9	0,013
A0A1B6QKN1	-2	0,013
D7LRC9	-2	0,013
V4LBM2	-2	0,014
A0A022QA79	-2	0,014
E3MUU7	-2,1	0,014
A0A1B6PIV6	-2,1	0,014
A0A022RMK8	-2,1	0,014
A0A084W238	-2,2	0,014
E3KEY3	-2,2	0,014
K7ILS3	-2,2	0,014
A0A0P7XJU1	-2,2	0,014
A0A059A0G4	-2,2	0,014
K4AKL0	-2,2	0,014
A0A067G3H3	-2,3	0,014
V4MFD2	-2,3	0,014
A0A0E0M7U8	-2,3	0,014
D7LFM5	-2,3	0,014
U5FLV8	-2,4	0,015
A0A078FR84	-2,4	0,015
A0A022S2K0	-2,4	0,015
Q9TZM5	-2,4	0,015
F4IUR7	-2,5	0,015
A0A087GLB1	-2,5	0,015
A0A0D3DEL1	-2,5	0,015
A0A1B6QJL6	-2,5	0,015
A0A022QD96	-2,5	0,015
A0A022RLU2	-2,5	0,015
A0A0D2UW78	-2,5	0,015
A0A022RYU3	-2,6	0,015
M4E3C8	-2,6	0,015
A0A1B6PN99	-2,6	0,015
G0P314	-2,6	0,015
A0A165Q7H3	-2,6	0,015
C5X1X5	-2,7	0,016
A0A022RMM4	-2,7	0,016
F4IV59	-2,7	0,016
A0A151U411	-2,7	0,016
A0A058ZYF5	-2,8	0,016
A0A078CWG6	-2,8	0,016
A0A087GYU6	-2,9	0,016
A0A087G8W4	-2,9	0,016
A0A1B6PFL1	-2,9	0,016
A0A1B6PFL4	-2,9	0,016
A0A0B2R2D2	-2,9	0,016
K7KGA1	-2,9	0,016
A0A078F1D7	-2,9	0,016
A0A0D3DZP3	-2,9	0,016
M4FIH4	-2,9	0,017
A0A0D3CFY8	-3	0,017
K0RJT6	-3	0,017
A0A183BRL2	-3,1	0,017
D7LDD0	-3,1	0,017
A0A087V0I2	-3,1	0,017
O16556	-3,1	0,017
O22286	-3,1	0,017
A0A078JJU0	-3,2	0,017
A0A067L8V8	-3,2	0,017
M5VVM5	-3,2	0,018
F4QDT9	-3,3	0,018
E3LM98	-3,3	0,018
A0A078IDI7	-3,3	0,018
M4DK47	-3,3	0,018
A0A022QE89	-3,3	0,018
A0A078J0L3	-3,4	0,018
A0A022R9U7	-3,4	0,018
E3MUR9	-3,4	0,018
A0A058ZYF0	-3,4	0,018
D7KQV2	-3,5	0,019
A0A022QE93	-3,5	0,019
A0A078IL46	-3,5	0,019
H3A6W3	-3,5	0,019
W9R792	-3,6	0,019
I1HVB9	-3,7	0,019
B9HY81	-3,7	0,019
A0A0N4Z3I9	-3,7	0,019
A0A022QD98	-3,7	0,019
E3MUX4	-3,7	0,019
A0A022QA44	-3,7	0,02
A0A022RQ20	-3,7	0,02
A0A078CCL0	-3,7	0,02
I1HAJ3	-3,7	0,02
A0A0D3BPB8	-3,8	0,02
A0A0D3H036	-3,8	0,02
I1QIJ3	-3,8	0,02
K4ATA2	-3,8	0,02
A8X6K9	-3,8	0,02
A0A0D3HE00	-3,8	0,02
B0CS91	-3,8	0,02
A0A0D3CWV1	-3,9	0,02
G1LYU8	-3,9	0,02
Q9N5P8	-3,9	0,02
A0A087G550	-3,9	0,02
A0A0D3B4M8	-3,9	0,02
D7L1K1	-4	0,021
E3MUV9	-4	0,021
F4JKZ7	-4	0,021
A0A022RLU4	-4	0,021
G0PGZ8	-4	0,021
A0A068XTF0	-4	0,021
D8QRX0	-4	0,021
A0A0L0DSX7	-4,1	0,021
A0A022RQ85	-4,1	0,021
M0X5Y0	-4,2	0,022
I1QUT2	-4,3	0,022
V4T0Y3	-4,3	0,022
D7LDR5	-4,3	0,022
R0FRS9	-4,3	0,022
L9KGI5	-4,4	0,023
K3ZD34	-4,4	0,023
A0A078CSP5	-4,5	0,023
M4CKG1	-4,5	0,023
A0A078EFZ6	-4,5	0,023
A0A0D3CUK5	-4,5	0,023
A9T0J4	-4,6	0,024
A0A078FVN0	-4,6	0,024
K4A2T6	-4,6	0,024
W5JW21	-4,6	0,024
A8XMV9	-4,7	0,024
A0A0D2R0I2	-4,7	0,024
V4NMU0	-4,7	0,024
A0A0D3CWV4	-4,7	0,024
A0A166FT41	-4,8	0,025
C5YBM6	-4,8	0,025
M4CI04	-4,8	0,025
B9HML7	-4,8	0,025
D2VUH3	-4,9	0,025
A0A078EBX3	-5	0,026
A0A0D3CUL6	-5	0,026
C5Y4H2	-5	0,026
H2WR49	-5	0,026
M4ER99	-5	0,026
K4C1X6	-5	0,026
J3MSW2	-5	0,026
A0A0E0M7Y4	-5	0,026
W5FYF2	-5	0,026
R0G276	-5	0,026
R0FS28	-5	0,026
H2WAK2	-5,1	0,026
A0A0D3C5U1	-5,1	0,026
A2YV40	-5,2	0,027
A0A067FP85	-5,2	0,027
A0A067FSR8	-5,2	0,027
A0A067G0I7	-5,2	0,027
V4T6L9	-5,2	0,027
V4TBD6	-5,2	0,027
V4V9I8	-5,2	0,027
A8X1W3	-5,2	0,027
A0A0G4GBC1	-5,3	0,027
M4CQK0	-5,3	0,027
A0A0C9US09	-5,3	0,027
I1I8R3	-5,3	0,028
T1MX70	-5,3	0,028
D7L7Q7	-5,3	0,028
A0A0D9W536	-5,3	0,028
A0A067KVB2	-5,3	0,028
U5GJL8	-5,3	0,028
M4F8E6	-5,3	0,028
O81493	-5,4	0,028
A0A0E0QZC8	-5,4	0,028
A0A059CF91	-5,4	0,028
Q8W0Z1	-5,4	0,028
A0A072U4N9	-5,4	0,028
R0I917	-5,4	0,029
A0A067DXU5	-5,6	0,029
A0A067E8V4	-5,6	0,029
A0A058ZZB9	-5,6	0,029
A0A0D9X7Q1	-5,6	0,029
A0A058ZYD8	-5,6	0,03
R0HPM8	-5,6	0,03
R0GF95	-5,7	0,03
A0A022QGB2	-5,7	0,03
H3DT93	-5,8	0,03
A0A0K6G9N2	-5,8	0,031
A7UVM0	-5,8	0,031
D7KQX0	-5,8	0,031
M1CLF8	-5,8	0,031
K3ZP10	-5,8	0,031
A0E3C3	-5,9	0,031
D7LIS3	-5,9	0,032
G5AXY7	-6	0,032
A0A078FZM0	-6	0,032
A0A151TWC2	-6,1	0,033
V4MJ98	-6,1	0,033
A0A087HI44	-6,1	0,033
W9QKF4	-6,2	0,033
A0A1B6PF35	-6,2	0,034
A0A0D9X7Q5	-6,3	0,034
A0A0D3C5U3	-6,3	0,034
A0A0D3C5U0	-6,4	0,035
A0A1B6QK69	-6,4	0,035
A0A1B6QK75	-6,4	0,035
A0A087H4P5	-6,4	0,035
A0A087HF67	-6,4	0,035
A0A1B6PD93	-6,4	0,035
F4JZS7	-6,4	0,035
A0A077RYF0	-6,4	0,035
B9RZY7	-6,4	0,035
A0A078DFB6	-6,4	0,035
A0A0D3E193	-6,4	0,035
M4F664	-6,4	0,035
A0A0D2VPL4	-6,5	0,035
B9SDZ9	-6,5	0,036
A0A0B0PUZ2	-6,5	0,036
A0A022QJD9	-6,5	0,036
A0A0D3C5U6	-6,5	0,036
V4N120	-6,6	0,036
M0XBY4	-6,6	0,037
D8RFV0	-6,6	0,037
A0A0E0BAU4	-6,7	0,038
A0A087HB74	-6,8	0,038
E3MUX6	-6,8	0,038
A0A078DZW3	-6,8	0,038
A0A059CGS9	-6,9	0,039
A0A0D3D8N8	-6,9	0,039
A0A022QGG3	-6,9	0,039
A8WLJ4	-6,9	0,039
G0P312	-6,9	0,039
Q067Y2	-6,9	0,039
A0A183C571	-6,9	0,039
A0A078CAB3	-6,9	0,039
A0A087GV26	-7	0,04
A0A087GV27	-7	0,04
A0A0D9XUD3	-7	0,04
A0A0E0QZL5	-7	0,04
R0HX60	-7	0,04
M4CI03	-7	0,04
Q86K46	-7,1	0,04
Q9S9J5	-7,1	0,041
A0A087GYV5	-7,1	0,041
K3ZNU7	-7,1	0,041
A0A0E0M7V2	-7,2	0,042
A0A078JGH7	-7,2	0,042
Q9FWZ4	-7,3	0,043
A0A1B6P9I5	-7,3	0,043
V4LBE6	-7,3	0,043
A0A078ETL7	-7,4	0,043
A0A0D3ECK1	-7,4	0,043
A0A074RRR8	-7,4	0,043
P91298	-7,4	0,044
Q2L6V3	-7,4	0,044
D7KTE5	-7,4	0,044
A0A0D3CXM4	-7,4	0,044
E3NB93	-7,5	0,044
A0A0D9XUD7	-7,5	0,045
I1JNR6	-7,5	0,045
I1N9E8	-7,5	0,045
A2Z7P3	-7,6	0,045
Q54LV9	-7,6	0,046
B9HMA6	-7,6	0,046
E3N8S3	-7,6	0,046
E3M1V9	-7,6	0,046
A0A022QEA1	-7,6	0,046
A0A078CUZ6	-7,6	0,046
E9G150	-7,7	0,047
A0A1B6PIT1	-7,7	0,047
A0A022RAE8	-7,7	0,047
A0A058ZZA8	-7,8	0,047
A0A087G0A5	-7,8	0,047
A0A096USD2	-7,8	0,048
A0A022QGF8	-7,8	0,048
A0A0A0LX79	-7,9	0,048
O16553	-7,9	0,049
M0VXR3	-8	0,049
A0A022QA63	-8	0,05
A0A059CF95	-8,1	0,051
D7LXC2	-8,1	0,051
M7YY12	-8,1	0,051
K7JJC7	-8,1	0,051
D7LNH6	-8,2	0,051
M0VML8	-8,2	0,052
D7LKL8	-8,2	0,052
K3XSF7	-8,3	0,053
D7KQV4	-8,4	0,054
I1I447	-8,4	0,054
Q16I52	-8,4	0,054
I1I242	-8,4	0,055
G0MD32	-8,6	0,056
A0A0J9WH70	-8,6	0,057
X0LGT0	-8,6	0,057
X0D0E0	-8,6	0,057
R0GFB0	-8,6	0,057
A0A059C090	-8,6	0,057
T1LBX3	-8,6	0,057
H3FI41	-8,6	0,057
A0A0D2ZWN5	-8,7	0,057
A0A0D3DCN0	-8,7	0,057
E3MUV0	-8,7	0,058
K3ZH26	-8,7	0,058
M7YDN0	-8,7	0,058
A0A078J427	-8,7	0,058
A0A0N5A4P4	-8,8	0,059
A4RT79	-8,8	0,059
D7KHN4	-8,8	0,059
V4T0X0	-8,8	0,059
E3MUR7	-8,8	0,06
G0P7V9	-8,9	0,06
G0N3T2	-8,9	0,06
W1NDY5	-8,9	0,061
A0A022QC83	-9	0,062
M0SNZ5	-9	0,062
A0A078JV99	-9,1	0,063
J9K1X3	-9,1	0,063
F4IUR8	-9,1	0,063
C1E5C4	-9,2	0,064
A0A0D3AAB1	-9,2	0,065
A0A1B6PNA8	-9,2	0,065
A0A078JVP2	-9,3	0,065
V4T6L8	-9,3	0,066
R0H490	-9,4	0,067
A0A022QD84	-9,4	0,068
A8XVS5	-9,4	0,068
A0A0F4X9G1	-9,5	0,068
A0A0E0P2E3	-9,5	0,069
A0A022PWH0	-9,5	0,069
A0A0E0M7V8	-9,5	0,069
G0P150	-9,6	0,07
M1DLP6	-9,6	0,07
A0A0D2SCC0	-9,6	0,07
A0A0E0QZH2	-9,6	0,071
C5YJ12	-9,6	0,071
A0A022RKS4	-9,6	0,071
A0A084VNR3	-9,7	0,071
A0A087UTJ2	-9,7	0,072
A0A022RLT9	-9,7	0,073
A0A078JU98	-9,8	0,073
M4CUH9	-9,8	0,074
A0A166FT51	-9,8	0,074
E3NER8	-9,8	0,074
A0A078JMU3	-9,8	0,074
M4D097	-9,8	0,074
D7KXH9	-9,9	0,075
T1LUV4	-9,9	0,075
W5J3U1	-9,9	0,075
T1LIK1	-9,9	0,076
E3MUW8	-9,9	0,076
A0A078IVU6	-10	0,077
W5EKW6	-10,1	0,078
A0A078FPN7	-10,1	0,078
Q54FD5	-10,1	0,079
A0A0D3EUJ2	-10,1	0,079
A0A0E0N319	-10,1	0,079
C5YJF7	-10,1	0,079
A0A0D3AL11	-10,2	0,08
A0A060D1K8	-10,2	0,08
D7LW19	-10,2	0,081
A0A1B6PTG7	-10,3	0,082
A0A087HFQ4	-10,4	0,083
M4D096	-10,4	0,083
M4EUW2	-10,4	0,084
A0A0D2S5B2	-10,5	0,085
A0A0D2TRX4	-10,5	0,085
A0A0D2V718	-10,5	0,085
A0A0D2V720	-10,5	0,085
A0A0D2V724	-10,5	0,085
A0A0D2V886	-10,5	0,085
A0A0D2S5A8	-10,5	0,085
A0A0D2W0Y5	-10,5	0,085
T1MSB1	-10,5	0,086
A0A078EXE5	-10,5	0,086
M4CKG0	-10,6	0,087
A0A0C2XG56	-10,6	0,088
A0A078D2W7	-10,7	0,088
A0A0D3DCN5	-10,7	0,089
F4JZS4	-10,8	0,091
C5X8V6	-10,8	0,091
A0A164ZA92	-10,8	0,092
A0A0L0NHC2	-10,9	0,093
O16562	-10,9	0,093
A0A087GMK1	-10,9	0,094
A0A0E0LEH0	-11	0,095
A0A078JDB0	-11	0,095
A0A0D3BPC6	-11	0,095
C5YPR9	-11	0,096
A0A087H4P6	-11	0,096
A0A0D3CUL3	-11	0,096
S8EHH4	-11	0,096
A0A0D9X5J3	-11,1	0,098
R0I3U2	-11,1	0,098
W5FA09	-11,2	0,099
A0A078CRT6	-11,2	0,099
R0HIT4	-11,2	0,1
G0MJS5	-11,2	0,1
H3E0J5	-11,3	0,1
A0A0E0QZB1	-11,3	0,1
A0A067DD66	-11,3	0,1
A0A183GAA6	-11,3	0,1
E3MUW0	-11,3	0,1
A0A0D3C5U5	-11,4	0,1
E3M1X1	-11,4	0,1
R0FGK3	-11,5	0,11
R0H869	-11,5	0,11
M4CIF5	-11,5	0,11
D7KRK0	-11,5	0,11
A0A0D3BXP8	-11,7	0,11
O76568	-11,7	0,11
A0A022PT71	-11,8	0,11
K3YEP0	-11,8	0,11
M4CT47	-11,8	0,11
T1IJI5	-11,9	0,12
A0A078EAS3	-11,9	0,12
A2Z7J6	-11,9	0,12
S8E154	-11,9	0,12
Q9C869	-12	0,12
A0A0C3MB84	-12,1	0,12
A0A087GYU9	-12,1	0,12
A0A0D2UYG1	-12,2	0,12
T1M8F4	-12,2	0,13
G0P1A4	-12,2	0,13
A0A087H4P4	-12,3	0,13
O44817	-12,3	0,13
A0A166FTA3	-12,3	0,13
A0A058ZYB3	-12,3	0,13
K7J1C3	-12,4	0,13
A0A183BRK9	-12,4	0,13
A0A0K9P6H1	-12,4	0,13
A0A0B0MXC7	-12,4	0,13
A0A078EZ10	-12,4	0,13
M4CIF6	-12,4	0,13
B8B164	-12,5	0,13
O44818	-12,5	0,13
V4KLW3	-12,5	0,13
A0A0C3AJD8	-12,6	0,14
A0A0D3CXM5	-12,6	0,14
J3N3F0	-12,7	0,14
O17193	-12,7	0,14
B0W2A4	-12,7	0,14
A0A0E0JP86	-12,8	0,14
A0A058ZZA1	-12,8	0,14
A6RF95	-12,8	0,14
V4LYR7	-12,8	0,14
A8XXT5	-12,8	0,14
I1I8R7	-12,8	0,14
K0TBH1	-12,9	0,14
I1QUQ4	-13	0,15
G0MD31	-13,1	0,15
D7MRR5	-13,2	0,15
A0A0L6V6Q9	-13,2	0,15
H3FKV1	-13,2	0,15
H2KYK5	-13,3	0,16
V4KLQ7	-13,3	0,16
R0HL04	-13,3	0,16
E3MUQ3	-13,3	0,16
I1HUF9	-13,4	0,16
A0A022RLT4	-13,4	0,16
R0GB23	-13,4	0,16
A0A022PWS5	-13,5	0,16
A0A0D3DCN3	-13,5	0,16
C1N342	-13,5	0,16
D7LAY8	-13,6	0,17
K7KGA2	-13,6	0,17
F4J4A0	-13,6	0,17
T1N666	-13,7	0,17
A0A087GMK2	-13,8	0,17
A0A078HKS5	-13,9	0,18
V4KXN2	-13,9	0,18
Q9LTQ4	-13,9	0,18
G0MD34	-14	0,18
F4IV56	-14	0,18
Q6RF45	-14	0,18
Q9ZQE3	-14	0,19
A0A078G357	-14,1	0,19
D7L7G3	-14,1	0,19
G0MDC0	-14,1	0,19
G0PFY4	-14,1	0,19
G0MD23	-14,1	0,19
A8WMW3	-14,1	0,19
M4DDK6	-14,1	0,19
A0A0R3UL82	-14,1	0,19
A0A0C3E5M5	-14,2	0,19
V4L5U5	-14,2	0,19
A0A078DIA2	-14,2	0,19
A0A078JNS2	-14,2	0,19
V4LU18	-14,3	0,2
P0DKG6	-14,3	0,2
Q9LJB5	-14,4	0,2
I1I8X5	-14,4	0,2
D7L8P0	-14,4	0,2
A0A0D3FQ16	-14,4	0,2
Q940M1	-14,4	0,2
A0A022RB68	-14,4	0,2
D7KXH8	-14,5	0,2
A2XJU5	-14,5	0,21
A0A151TM75	-14,6	0,21
G0N3S9	-14,6	0,21
A0A0D0AB54	-14,6	0,21
Q93Z83	-14,7	0,21
I1I4Q5	-14,7	0,21
E3M1V7	-14,7	0,21
A0A0S4JL63	-14,7	0,21
W5E595	-14,8	0,22
A0A067TRZ0	-14,9	0,22
G0N3T0	-14,9	0,22
E3NQ17	-15	0,23
A0A059AN85	-15	0,23
D7LFM6	-15	0,23
A0A087G956	-15,1	0,23
D7LNH2	-15,1	0,24
A0A0C9YWQ7	-15,2	0,24
A0A078EXL1	-15,2	0,24
A8WMW1	-15,3	0,24
A0A022QGF3	-15,3	0,24
A0A087GYD7	-15,3	0,25
A0A0C9VAD0	-15,4	0,25
Q7QB35	-15,4	0,25
U1NMP2	-15,5	0,25
A0A0M0JPI5	-15,5	0,26
M4CEI4	-15,6	0,26
A0A078DCR7	-15,6	0,26
S8FJA3	-15,6	0,26
A0A061E8Y6	-15,7	0,27
A0A061E932	-15,7	0,27
A0A0E0RB75	-15,8	0,27
A0A078G446	-15,8	0,27
A0A0D3E196	-15,8	0,27
M4F663	-15,8	0,27
G0NDB8	-15,8	0,27
M4CT45	-15,8	0,27
A0A022RPZ5	-15,9	0,27
A0A151Z659	-15,9	0,28
T1LVJ4	-15,9	0,28
A0A164UV67	-15,9	0,28
A0A166HFJ7	-15,9	0,28
Q9M2H6	-16	0,28
A8MR02	-16	0,28
F4IV58	-16	0,28
A0A022QGD3	-16,1	0,29
H3EX41	-16,1	0,29
D7LP01	-16,1	0,29
I1HWP3	-16,2	0,29
A0A0N4WYE5	-16,2	0,3
A0A0E0LUR6	-16,2	0,3
A0A059A0F9	-16,2	0,3
O76612	-16,2	0,3
A0A078EHH9	-16,2	0,3
A0A0D3BX27	-16,2	0,3
A0A067EQL9	-16,2	0,3
A0A1B6Q6C2	-16,3	0,3
T1JD63	-16,3	0,3
A0A0K0EU49	-16,3	0,3
A0A165LMJ1	-16,4	0,31
I1J210	-16,4	0,31
A0A067D6H8	-16,4	0,31
K3YLY3	-16,4	0,31
Q177I6	-16,4	0,31
A0A0D3AEH4	-16,4	0,31
W1NSG1	-16,5	0,31
G0MD28	-16,5	0,31
D7M4R3	-16,5	0,32
E4XC60	-16,6	0,32
D7M4R4	-16,6	0,32
A0A0D3CUK3	-16,6	0,32
A0A087G952	-16,7	0,33
A0A0E0AV64	-16,7	0,33
T1M2U7	-16,7	0,33
M4EZD2	-16,7	0,33
K7HT18	-16,8	0,34
A0A078ETQ3	-16,8	0,34
D7KWP8	-16,9	0,34
A0A175YIU4	-16,9	0,34
A0A078GDF9	-16,9	0,35
M4ERU0	-16,9	0,35
A0A022QC91	-17	0,35
A8NRT5	-17	0,35
A0A078EX26	-17,1	0,36
M4DVJ7	-17,1	0,36
A0A016TB47	-17,2	0,37
A0A0D0E7T9	-17,2	0,37
C5YKC8	-17,2	0,37
V4C5S0	-17,2	0,37
A0A0D3H035	-17,3	0,37
A0A0E0QIT4	-17,3	0,37
I1QIJ2	-17,3	0,37
Q6Z9Y0	-17,3	0,37
A0A0P0XUU8	-17,3	0,37
A0A183CN74	-17,4	0,38
C5Y6G7	-17,4	0,38
A0A087GYU8	-17,4	0,38
A0A078GIF3	-17,4	0,39
V4WF33	-17,4	0,39
M4CKG5	-17,4	0,39
A0A0C3CIC0	-17,6	0,4
E3MM22	-17,6	0,4
A0A078J5L2	-17,6	0,4
A0A0D3AXH4	-17,7	0,41
A0A0C2GSM0	-17,7	0,41
A0A0D3AXH6	-17,7	0,41
T1IS07	-17,7	0,41
A0A022QE74	-17,7	0,41
R0FZZ8	-17,8	0,42
S9UML4	-17,9	0,42
A0A0D3APD6	-17,9	0,43
G0MDB9	-17,9	0,43
G0MDB7	-18	0,44
E3MUU6	-18,1	0,45
B0WU64	-18,1	0,45
R0FTC6	-18,2	0,46
F4JZS5	-18,2	0,46
A0A0D3BPC2	-18,2	0,46
A2YV39	-18,3	0,47
A0A059CG36	-18,4	0,48
E3M0H8	-18,4	0,48
V4LCM7	-18,6	0,49
I1PQ30	-18,6	0,5
V4BGR9	-18,7	0,51
E3MXB4	-18,7	0,51
A0A078H941	-18,7	0,51
A0A0D3B7T9	-18,7	0,51
G0N3T3	-18,8	0,52
A0A078EWE7	-18,8	0,52
M4DVJ6	-18,8	0,52
A0A068Y3W7	-18,8	0,52
W6UT21	-18,8	0,52
A0A0E0MI73	-18,8	0,52
O17179	-18,9	0,53
D3BF23	-18,9	0,53
A0A078DCZ3	-18,9	0,53
Q9N5Q1	-18,9	0,54
A0A0L0HEB8	-19	0,54
A7SF44	-19	0,54
E3NFZ0	-19	0,55
A0A0L0DMM5	-19	0,55
A0A087G962	-19,1	0,55
G0MCN9	-19,1	0,56
A0A058ZZF0	-19,2	0,57
A0A022QGD8	-19,2	0,57
A0A058ZYE4	-19,4	0,6
R0FS34	-19,6	0,62
R0GE50	-19,6	0,63
A0A0D3AXH7	-19,7	0,63
A0A059CFW6	-19,7	0,64
M4CKG6	-19,9	0,66
M5WFP8	-19,9	0,67
K3YE58	-20	0,67
H3EX38	-20	0,67
M2QHB1	-20	0,68
A0A060SF40	-20	0,68
A0A0C3FXP8	-20,1	0,69
H3FLA2	-20,1	0,7
A0A078J3T3	-20,1	0,7
A0A0D3DWE5	-20,2	0,71
Q2R0U7	-20,3	0,73
A0A183C2L4	-20,4	0,73
A0A161XUZ5	-20,4	0,73
I1FCQ7	-20,4	0,74
K5VJU1	-20,4	0,74
A0A165FBR6	-20,4	0,74
A2Z7S9	-20,4	0,74
A0A165YLF9	-20,5	0,76
Q7XPP6	-20,6	0,78
A0A087U3R0	-20,6	0,78
A8XXT9	-20,7	0,78
G0N3S8	-20,7	0,79
A0A061GV03	-20,7	0,79
D7LVB9	-20,8	0,8
Q9M2J2	-20,8	0,8
A0A1B6PTH8	-20,8	0,8
A0A0D3CFZ7	-20,8	0,8
T1IS05	-20,8	0,81
A0A0D3HDW8	-20,8	0,81
A0A0E0BAT0	-20,8	0,81
A0A0E0QZD2	-20,8	0,81
K0RTE3	-20,8	0,81
R0HXJ9	-20,9	0,82
K4AL43	-20,9	0,83
M5G434	-21	0,84
A0A0L8FYW7	-21,1	0,85
W2T7C1	-21,1	0,86
A0A0E0M7U5	-21,1	0,86
A0A059CFI6	-21,2	0,87
A0A022QGA8	-21,2	0,88
A0A0E0AXU6	-21,3	0,89
A0A022RH51	-21,3	0,91
A0A177WJ23	-21,4	0,92
F4NYF6	-21,4	0,92
P0DKG5	-21,5	0,93
I2HAK4	-21,5	0,93
G0MSE3	-21,5	0,94
M4DC75	-21,6	0,96
A0A087SPH1	-21,7	0,97
A0A022QE97	-21,7	0,98
F0ZZ70	-21,7	0,99
A0A022QD63	-21,8	1
E3M9G7	-21,8	1
E3MUU9	-21,9	1
A0A0N0P7K5	-22	1,1
A0A167Q8D0	-22,1	1,1
A0A0C9SPV3	-22,1	1,1
A0A078JAN6	-22,2	1,1
A0A0D3BPC7	-22,2	1,1
A0A087HI43	-22,3	1,1
R0F9L4	-22,5	1,2
V4A3I9	-22,6	1,2
A0A0E0BLF5	-22,6	1,2
A0A022Q2Q1	-22,6	1,2
A0A084W246	-22,6	1,2
A0A0H2RLH7	-22,7	1,2
A0A078CHB6	-22,7	1,2
A0A078DTN0	-22,7	1,2
A0A022QD59	-22,8	1,2
A0A166IAU9	-22,8	1,2
A0A078IEZ0	-22,8	1,2
A0A077S7C5	-23	1,3
A0A077S081	-23	1,3
A0A0D3E195	-23	1,3
Q86LS2	-23	1,3
A8WV01	-23,1	1,3
A0A022QCC5	-23,2	1,3
E3M980	-23,2	1,3
A0A067D6C4	-23,2	1,4
V4V2D5	-23,4	1,4
A0A078F303	-23,7	1,5
A0A022QGE8	-23,7	1,5
T1M9I1	-23,7	1,5
A0A165UL43	-23,7	1,5
A8XMW2	-23,8	1,5
H3FLA0	-23,8	1,5
G0NDB1	-23,8	1,5
G0MD24	-23,9	1,6
F4J5T4	-23,9	1,6
A0A0E0QZC1	-24	1,6
A0A022QA38	-24	1,6
A0A022RKP4	-24,1	1,7
A0A078GAD7	-24,2	1,7
M4EXZ5	-24,2	1,7
A8XCZ7	-24,2	1,7
A0A022QC88	-24,3	1,7
A8XVT2	-24,3	1,7
A0A087UKF6	-24,7	1,9
O76610	-24,8	1,9
F4J5U9	-24,9	1,9
A0A078FLY6	-24,9	1,9
A0A0D3EE32	-24,9	1,9
A0A058ZYA3	-25	2
T1IUA5	-25,1	2
A0A183CKU4	-25,1	2,1
A0A0K9R8G9	-25,2	2,1
A0A0D3EFE5	-25,2	2,1
Q9SS54	-25,2	2,1
J4HWL4	-25,2	2,1
F8PZX7	-25,3	2,2
A0A0D2P5N6	-25,6	2,3
G0MCS0	-25,7	2,3
A0A151VVC0	-25,9	2,4
H3EH71	-25,9	2,4
E3NM69	-26	2,5
T1J765	-26,1	2,5
A0A087G273	-26,1	2,5
A0A0A1NL79	-26,2	2,6
E3MUX7	-26,2	2,6
A0NH27	-26,2	2,6
A0NH26	-26,2	2,6
A8XVS6	-26,3	2,7
D7KQV5	-26,3	2,7
H3EMW2	-26,3	2,7
T1L7U5	-26,4	2,7
H3EX65	-26,5	2,8
G0N757	-26,5	2,8
G0P863	-26,5	2,8
E3M0J9	-26,6	2,8
Q17C43	-26,6	2,8
G0MD87	-26,6	2,9
T1JD62	-26,8	3
F0ZX20	-26,8	3
A0A078CSY8	-26,9	3
I1ET75	-27,1	3,1
A0A022QA54	-27,1	3,1
A0A078CXQ1	-27,1	3,2
T1IZU4	-27,1	3,2
G0NUQ0	-27,2	3,3
A0A165FQB0	-27,2	3,3
A4I2H0	-27,3	3,3
A0A022QD70	-27,3	3,3
Q8LJX3	-27,3	3,3
A0A0L6WZY6	-27,6	3,5
D7KQV9	-27,6	3,5
A0A078K0L9	-27,6	3,5
A8XN93	-27,6	3,6
E3LIN4	-27,8	3,7
E3N8N5	-27,8	3,7
E3MUL6	-27,9	3,8
A0A183IJK4	-27,9	3,8
G0NX47	-27,9	3,8
A0A0L0H5C0	-28	3,8
A0A022RMP4	-28	3,8
A0A022QCD1	-28,1	3,9
A0A166UB72	-28,1	3,9
G0NYU1	-28,1	4
V4T3L5	-28,1	4
A0A0D3HDV4	-28,1	4
A0A087U0R6	-28,2	4
A0A022QA82	-28,4	4,2
I1EL63	-28,5	4,3
T1IWH2	-28,5	4,3
Q4Q8U9	-28,5	4,3
H3EN77	-28,6	4,4
A8WJZ4	-28,6	4,4
S7R9Z6	-28,7	4,5
E3MUU4	-28,8	4,6
A0A0D3HPY8	-28,8	4,6
I1R243	-28,8	4,6
W5ACH0	-28,8	4,6
A0A022QE68	-28,9	4,6
A8Y025	-29	4,8
G0P7P3	-29	4,8
Q2MGF3	-29,1	4,9
C3ZBW8	-29,1	4,9
G0MD22	-29,1	4,9
A8XN88	-29,2	5
A0A022QD75	-29,3	5,1
E3LPB5	-29,4	5,2
H3EX60	-29,4	5,2
A0A1B6PGE0	-29,4	5,3
E3MUQ5	-29,6	5,4
V7CY20	-29,6	5,5
A8WK08	-29,6	5,5
A0A078DRA9	-29,6	5,5
G0MD25	-29,6	5,5
H3AMT1	-29,7	5,5
E3M8H1	-29,7	5,6
A0A022QGE2	-29,7	5,6
E3ND30	-29,9	5,8
W9QI11	-29,9	5,8
A0A0P7UEV6	-29,9	5,9
G0MDB8	-30	5,9
D7KSZ3	-30,1	6,1
Q7T1K2	-30,1	6,1
V4SYX0	-30,1	6,1
D7MB57	-30,2	6,2
D7KYB3	-30,2	6,2
E3MUT2	-30,3	6,3
A8Y113	-30,3	6,3
V4T636	-30,4	6,5
R0IF98	-30,4	6,5
A0A022QD54	-30,4	6,5
M4CEI2	-30,5	6,7
D7LW13	-30,6	6,8
A0A183CRL7	-30,7	7
G0P039	-30,8	7,1
A0A022QC78	-30,8	7,1
I1FCQ1	-31	7,5
A0A0F8AV26	-31,1	7,6
H3EX63	-31,2	7,7
A0A093GGZ9	-31,4	8,1
A0A0Q3PJI8	-31,4	8,1
A0A1B6QEA5	-31,4	8,1
H2SKE5	-31,6	8,4
A0A0D3CXM7	-31,6	8,4
A8XQB6	-31,6	8,4
A0A0N0DR82	-31,7	8,6
E3M972	-31,8	8,8
G3PAY5	-31,8	8,8
G0NW74	-31,9	8,9
Q8MXJ3	-32	9,1
V4L925	-32	9,1
T1J0A7	-32,1	9,3
A0A131MBE3	-32,1	9,5
D6VPA0	-32,1	9,5
F6I6S3	-32,2	9,6
A0A078JZP0	-32,2	9,7
U3JV33	-32,2	9,7
A0A087H3N5	-32,3	9,9

