Reference frame: Origins (Ox, Oy, Oz) followed by the direction cosines of the
                 X- (Xx, Yx, Zx), Y- (Yx, Yx, Yx), and Z- (Zx, Zx, Zx) axes
*****************************************************************************************
Local base-pair reference frames
                Ox      Oy      Oz     Xx    Xy    Xz   Yx    Yy    Yz    Zx    Zy    Zz
   1 G-C       4.12    0.92    1.80 -0.90  0.43  0.05  0.43  0.90 -0.00 -0.04  0.02 -1.00
   2 C-G       4.12   -0.92   -1.80 -0.90 -0.43 -0.05 -0.43  0.90 -0.00  0.04  0.02 -1.00
   3 G-C       1.27    4.03   -5.45 -0.82 -0.56  0.05 -0.56  0.83 -0.00 -0.04 -0.03 -1.00
   4 C-G       2.85    3.11   -9.05 -0.08 -1.00 -0.05 -1.00  0.08 -0.00  0.01  0.05 -1.00
   5 G-C      -2.85    3.11  -12.70  0.08 -1.00  0.05 -1.00 -0.08 -0.00  0.01 -0.05 -1.00
   6 C-G      -1.27    4.03  -16.30  0.82 -0.56 -0.05 -0.56 -0.83 -0.00 -0.04  0.03 -1.00
   7 G-C      -4.12   -0.92  -19.95  0.90 -0.43  0.05 -0.43 -0.90 -0.00  0.04 -0.02 -1.00
   8 C-G      -4.12    0.92  -23.55  0.90  0.43 -0.05  0.43 -0.90 -0.00 -0.04 -0.02 -1.00
   9 G-C      -1.27   -4.03  -27.20  0.82  0.56  0.05  0.56 -0.83 -0.00  0.04  0.03 -1.00
  10 C-G      -2.85   -3.11  -30.80  0.08  1.00 -0.05  1.00 -0.08 -0.00 -0.01 -0.05 -1.00
  11 G-C       2.85   -3.11  -34.45 -0.08  1.00  0.05  1.00  0.08 -0.00 -0.01  0.05 -1.00
  12 C-G       1.27   -4.03  -38.05 -0.82  0.56 -0.05  0.56  0.83 -0.00  0.04 -0.03 -1.00
  13 G-C       4.12    0.92  -41.70 -0.90  0.43  0.05  0.43  0.90 -0.00 -0.04  0.02 -1.00
  14 C-G       4.12   -0.92  -45.30 -0.90 -0.43 -0.05 -0.43  0.90 -0.00  0.04  0.02 -1.00
  15 G-C       1.27    4.03  -48.95 -0.82 -0.56  0.05 -0.56  0.83 -0.00 -0.04 -0.03 -1.00
  16 C-G       2.85    3.11  -52.55 -0.08 -1.00 -0.05 -1.00  0.08 -0.00  0.01  0.05 -1.00
  17 G-C      -2.85    3.11  -56.20  0.08 -1.00  0.05 -1.00 -0.08 -0.00  0.01 -0.05 -1.00
  18 C-G      -1.27    4.03  -59.80  0.82 -0.56 -0.05 -0.56 -0.83 -0.00 -0.04  0.03 -1.00
  19 G-C      -4.12   -0.92  -63.45  0.90 -0.43  0.05 -0.43 -0.90 -0.00  0.04 -0.02 -1.00
  20 C-G      -4.12    0.92  -67.05  0.90  0.43 -0.05  0.43 -0.90 -0.00 -0.04 -0.02 -1.00
*****************************************************************************************
Local middle reference frames
                Ox      Oy      Oz     Xx    Xy    Xz   Yx    Yy    Yz    Zx    Zy    Zz
   1 GC/GC     4.12    0.00   -0.00 -1.00 -0.00  0.00 -0.00  1.00  0.02 -0.00  0.02 -1.00
   2 CG/CG     2.69    1.56   -3.62 -0.87 -0.50 -0.00 -0.50  0.87 -0.01  0.00 -0.01 -1.00
   3 GC/GC     2.06    3.57   -7.25 -0.50 -0.87 -0.00 -0.87  0.50  0.02 -0.02  0.01 -1.00
   4 CG/CG    -0.00    3.11  -10.87  0.00 -1.00 -0.00 -1.00 -0.00 -0.01  0.01  0.00 -1.00
   5 GC/GC    -2.06    3.57  -14.50  0.50 -0.87  0.00 -0.87 -0.50  0.02 -0.02 -0.01 -1.00
   6 CG/CG    -2.69    1.56  -18.13  0.87 -0.50  0.00 -0.50 -0.87 -0.01  0.00  0.01 -1.00
   7 GC/GC    -4.12    0.00  -21.75  1.00  0.00 -0.00  0.00 -1.00  0.02 -0.00 -0.02 -1.00
   8 CG/CG    -2.69   -1.56  -25.37  0.87  0.50 -0.00  0.50 -0.87 -0.01 -0.00  0.01 -1.00
   9 GC/GC    -2.06   -3.57  -29.00  0.50  0.87 -0.00  0.87 -0.50  0.02  0.02 -0.01 -1.00
  10 CG/CG    -0.00   -3.11  -32.62  0.00  1.00 -0.00  1.00 -0.00 -0.01 -0.01 -0.00 -1.00
  11 GC/GC     2.06   -3.57  -36.25 -0.50  0.87  0.00  0.87  0.50  0.02  0.02  0.01 -1.00
  12 CG/CG     2.69   -1.56  -39.88 -0.87  0.50  0.00  0.50  0.87 -0.01 -0.00 -0.01 -1.00
  13 GC/GC     4.12    0.00  -43.50 -1.00 -0.00  0.00 -0.00  1.00  0.02 -0.00  0.02 -1.00
  14 CG/CG     2.69    1.56  -47.12 -0.87 -0.50 -0.00 -0.50  0.87 -0.01  0.00 -0.01 -1.00
  15 GC/GC     2.06    3.57  -50.75 -0.50 -0.87 -0.00 -0.87  0.50  0.02 -0.02  0.01 -1.00
  16 CG/CG    -0.00    3.11  -54.37  0.00 -1.00 -0.00 -1.00 -0.00 -0.01  0.01  0.00 -1.00
  17 GC/GC    -2.06    3.57  -58.00  0.50 -0.87  0.00 -0.87 -0.50  0.02 -0.02 -0.01 -1.00
  18 CG/CG    -2.69    1.56  -61.63  0.87 -0.50  0.00 -0.50 -0.87 -0.01  0.00  0.01 -1.00
  19 GC/GC    -4.12    0.00  -65.25  1.00  0.00 -0.00  0.00 -1.00  0.02 -0.00 -0.02 -1.00
*****************************************************************************************
Local middle helical reference frames
                Ox      Oy      Oz     Xx    Xy    Xz   Yx    Yy    Yz    Zx    Zy    Zz
   1 GC/GC     6.42   -0.00   -0.00 -1.00  0.00 -0.00 -0.00  0.99  0.11  0.00  0.11 -0.99
   2 CG/CG   -29.86  -17.24   -3.63 -0.87 -0.50 -0.00 -0.42  0.73 -0.54  0.27 -0.47 -0.84
   3 GC/GC     3.21    5.56   -7.25 -0.50 -0.87 -0.00 -0.86  0.50  0.11 -0.10  0.06 -0.99
   4 CG/CG     0.00  -34.48  -10.88  0.00 -1.00 -0.00 -0.84  0.00 -0.54  0.54  0.00 -0.84
   5 GC/GC    -3.21    5.56  -14.50  0.50 -0.87  0.00 -0.86 -0.50  0.11 -0.10 -0.06 -0.99
   6 CG/CG    29.86  -17.24  -18.12  0.87 -0.50  0.00 -0.42 -0.73 -0.54  0.27  0.47 -0.84
   7 GC/GC    -6.42   -0.00  -21.75  1.00  0.00  0.00  0.00 -0.99  0.11  0.00 -0.11 -0.99
   8 CG/CG    29.86   17.24  -25.38  0.87  0.50 -0.00  0.42 -0.73 -0.54 -0.27  0.47 -0.84
   9 GC/GC    -3.21   -5.56  -29.00  0.50  0.87 -0.00  0.86 -0.50  0.11  0.10 -0.06 -0.99
  10 CG/CG     0.00   34.48  -32.62  0.00  1.00  0.00  0.84  0.00 -0.54 -0.54  0.00 -0.84
  11 GC/GC     3.21   -5.56  -36.25 -0.50  0.87  0.00  0.86  0.50  0.11  0.10  0.06 -0.99
  12 CG/CG   -29.86   17.24  -39.87 -0.87  0.50  0.00  0.42  0.73 -0.54 -0.27 -0.47 -0.84
  13 GC/GC     6.42   -0.00  -43.50 -1.00  0.00 -0.00 -0.00  0.99  0.11  0.00  0.11 -0.99
  14 CG/CG   -29.86  -17.24  -47.13 -0.87 -0.50 -0.00 -0.42  0.73 -0.54  0.27 -0.47 -0.84
  15 GC/GC     3.21    5.56  -50.75 -0.50 -0.87 -0.00 -0.86  0.50  0.11 -0.10  0.06 -0.99
  16 CG/CG     0.00  -34.48  -54.38  0.00 -1.00 -0.00 -0.84  0.00 -0.54  0.54  0.00 -0.84
  17 GC/GC    -3.21    5.56  -58.00  0.50 -0.87  0.00 -0.86 -0.50  0.11 -0.10 -0.06 -0.99
  18 CG/CG    29.86  -17.24  -61.62  0.87 -0.50  0.00 -0.42 -0.73 -0.54  0.27  0.47 -0.84
  19 GC/GC    -6.42   -0.00  -65.25  1.00  0.00  0.00  0.00 -0.99  0.11  0.00 -0.11 -0.99
*****************************************************************************************
Local strand I base reference frames
                Ox      Oy      Oz     Xx    Xy    Xz   Yx    Yy    Yz    Zx    Zy    Zz
   1 G         4.03    0.87    1.78 -0.89  0.44  0.12  0.44  0.90 -0.01 -0.11  0.05 -0.99
   2 C         4.22   -0.97   -1.82 -0.91 -0.42  0.02 -0.42  0.91 -0.00 -0.02 -0.01 -1.00
   3 G         1.26    3.92   -5.47 -0.83 -0.55  0.12 -0.56  0.83 -0.01 -0.10 -0.07 -0.99
   4 C         2.94    3.17   -9.07 -0.09 -1.00  0.02 -1.00  0.09 -0.00 -0.00 -0.02 -1.00
   5 G        -2.77    3.05  -12.72  0.06 -0.99  0.12 -1.00 -0.06 -0.01  0.01 -0.12 -0.99
   6 C        -1.27    4.13  -16.32  0.82 -0.57  0.02 -0.57 -0.82 -0.00  0.02 -0.01 -1.00
   7 G        -4.03   -0.87  -19.97  0.89 -0.44  0.12 -0.44 -0.90 -0.01  0.11 -0.05 -0.99
   8 C        -4.22    0.97  -23.57  0.91  0.42  0.02  0.42 -0.91 -0.00  0.02  0.01 -1.00
   9 G        -1.26   -3.92  -27.22  0.83  0.55  0.12  0.56 -0.83 -0.01  0.10  0.07 -0.99
  10 C        -2.94   -3.17  -30.82  0.09  1.00  0.02  1.00 -0.09 -0.00  0.00  0.02 -1.00
  11 G         2.77   -3.05  -34.47 -0.06  0.99  0.12  1.00  0.06 -0.01 -0.01  0.12 -0.99
  12 C         1.27   -4.13  -38.07 -0.82  0.57  0.02  0.57  0.82 -0.00 -0.02  0.01 -1.00
  13 G         4.03    0.87  -41.72 -0.89  0.44  0.12  0.44  0.90 -0.01 -0.11  0.05 -0.99
  14 C         4.22   -0.97  -45.32 -0.91 -0.42  0.02 -0.42  0.91 -0.00 -0.02 -0.01 -1.00
  15 G         1.26    3.92  -48.97 -0.83 -0.55  0.12 -0.56  0.83 -0.01 -0.10 -0.07 -0.99
  16 C         2.94    3.17  -52.57 -0.09 -1.00  0.02 -1.00  0.09 -0.00 -0.00 -0.02 -1.00
  17 G        -2.77    3.05  -56.22  0.06 -0.99  0.12 -1.00 -0.06 -0.01  0.01 -0.12 -0.99
  18 C        -1.27    4.13  -59.82  0.82 -0.57  0.02 -0.57 -0.82 -0.00  0.02 -0.01 -1.00
  19 G        -4.03   -0.87  -63.47  0.89 -0.44  0.12 -0.44 -0.90 -0.01  0.11 -0.05 -0.99
  20 C        -4.22    0.97  -67.07  0.91  0.42  0.02  0.42 -0.91 -0.00  0.02  0.01 -1.00
*****************************************************************************************
Local strand II base reference frames
                Ox      Oy      Oz     Xx    Xy    Xz   Yx    Yy    Yz    Zx    Zy    Zz
   1 C         4.22    0.97    1.82 -0.91  0.42 -0.02  0.42  0.91 -0.00  0.02 -0.01 -1.00
   2 G         4.03   -0.87   -1.78 -0.89 -0.44 -0.12 -0.44  0.90 -0.01  0.11  0.05 -0.99
   3 C         1.27    4.13   -5.43 -0.82 -0.57 -0.02 -0.57  0.82 -0.00  0.02  0.01 -1.00
   4 G         2.77    3.05   -9.03 -0.06 -0.99 -0.12 -1.00  0.06 -0.01  0.01  0.12 -0.99
   5 C        -2.94    3.17  -12.68  0.09 -1.00 -0.02 -1.00 -0.09 -0.00 -0.00  0.02 -1.00
   6 G        -1.26    3.92  -16.28  0.83 -0.55 -0.12 -0.56 -0.83 -0.01 -0.10  0.07 -0.99
   7 C        -4.22   -0.97  -19.93  0.91 -0.42 -0.02 -0.42 -0.91 -0.00 -0.02  0.01 -1.00
   8 G        -4.03    0.87  -23.53  0.89  0.44 -0.12  0.44 -0.90 -0.01 -0.11 -0.05 -0.99
   9 C        -1.27   -4.13  -27.18  0.82  0.57 -0.02  0.57 -0.82 -0.00 -0.02 -0.01 -1.00
  10 G        -2.77   -3.05  -30.78  0.06  0.99 -0.12  1.00 -0.06 -0.01 -0.01 -0.12 -0.99
  11 C         2.94   -3.17  -34.43 -0.09  1.00 -0.02  1.00  0.09 -0.00  0.00 -0.02 -1.00
  12 G         1.26   -3.92  -38.03 -0.83  0.55 -0.12  0.56  0.83 -0.01  0.10 -0.07 -0.99
  13 C         4.22    0.97  -41.68 -0.91  0.42 -0.02  0.42  0.91 -0.00  0.02 -0.01 -1.00
  14 G         4.03   -0.87  -45.28 -0.89 -0.44 -0.12 -0.44  0.90 -0.01  0.11  0.05 -0.99
  15 C         1.27    4.13  -48.93 -0.82 -0.57 -0.02 -0.57  0.82 -0.00  0.02  0.01 -1.00
  16 G         2.77    3.05  -52.53 -0.06 -0.99 -0.12 -1.00  0.06 -0.01  0.01  0.12 -0.99
  17 C        -2.94    3.17  -56.18  0.09 -1.00 -0.02 -1.00 -0.09 -0.00 -0.00  0.02 -1.00
  18 G        -1.26    3.92  -59.78  0.83 -0.55 -0.12 -0.56 -0.83 -0.01 -0.10  0.07 -0.99
  19 C        -4.22   -0.97  -63.43  0.91 -0.42 -0.02 -0.42 -0.91 -0.00 -0.02  0.01 -1.00
  20 G        -4.03    0.87  -67.03  0.89  0.44 -0.12  0.44 -0.90 -0.01 -0.11 -0.05 -0.99
****************************************************************************
Local strand I base step parameters
    step       Shift     Slide      Rise      Tilt      Roll     Twist
   1  G/C      -0.44     -1.89      3.55      3.40     -5.17    -51.25
   2  C/G      -0.08      5.73      3.61      0.84      5.50     -8.67
   3  G/C      -0.44     -1.89      3.55      3.40     -5.17    -51.25
   4  C/G      -0.08      5.73      3.61      0.84      5.50     -8.68
   5  G/C      -0.44     -1.89      3.55      3.40     -5.17    -51.24
   6  C/G      -0.08      5.73      3.61      0.84      5.50     -8.68
   7  G/C      -0.44     -1.89      3.55      3.40     -5.17    -51.25
   8  C/G      -0.08      5.73      3.61      0.84      5.50     -8.67
   9  G/C      -0.44     -1.89      3.55      3.40     -5.17    -51.25
  10  C/G      -0.08      5.73      3.61      0.84      5.50     -8.68
  11  G/C      -0.44     -1.89      3.55      3.40     -5.17    -51.24
  12  C/G      -0.08      5.73      3.61      0.84      5.50     -8.68
  13  G/C      -0.44     -1.89      3.55      3.40     -5.17    -51.25
  14  C/G      -0.08      5.73      3.61      0.84      5.50     -8.67
  15  G/C      -0.44     -1.89      3.55      3.40     -5.17    -51.25
  16  C/G      -0.08      5.73      3.61      0.84      5.50     -8.68
  17  G/C      -0.44     -1.89      3.55      3.40     -5.17    -51.24
  18  C/G      -0.08      5.73      3.61      0.84      5.50     -8.68
  19  G/C      -0.44     -1.89      3.55      3.40     -5.17    -51.25
          ~~~~~~~~~~~~~~~~~~~~~~~~~~~~~~~~~~~~~~~~~~~~~~~~~~~~~~~~~~~~
      ave.     -0.27      1.72      3.58      2.19     -0.12    -31.08
      s.d.      0.19      3.91      0.03      1.31      5.47     21.84
****************************************************************************
Local strand I base helical parameters
    step       X-disp    Y-disp   h-Rise     Incl.       Tip   h-Twist
   1  G/C       2.55     -0.27      3.38      5.96      3.91    -51.60
   2  C/G     -37.74      0.42     -0.01    -32.35      4.94    -10.30
   3  G/C       2.55     -0.27      3.38      5.96      3.91    -51.60
   4  C/G     -37.73      0.42     -0.01    -32.34      4.94    -10.30
   5  G/C       2.55     -0.27      3.38      5.96      3.91    -51.58
   6  C/G     -37.71      0.42     -0.00    -32.32      4.93    -10.31
   7  G/C       2.55     -0.27      3.38      5.96      3.91    -51.60
   8  C/G     -37.74      0.42     -0.01    -32.35      4.94    -10.30
   9  G/C       2.55     -0.27      3.38      5.96      3.91    -51.60
  10  C/G     -37.73      0.42     -0.01    -32.34      4.94    -10.30
  11  G/C       2.55     -0.27      3.38      5.96      3.91    -51.58
  12  C/G     -37.71      0.42     -0.00    -32.32      4.93    -10.31
  13  G/C       2.55     -0.27      3.38      5.96      3.91    -51.60
  14  C/G     -37.74      0.42     -0.01    -32.35      4.94    -10.30
  15  G/C       2.55     -0.27      3.38      5.96      3.91    -51.60
  16  C/G     -37.73      0.42     -0.01    -32.34      4.94    -10.30
  17  G/C       2.55     -0.27      3.38      5.96      3.91    -51.58
  18  C/G     -37.71      0.42     -0.00    -32.32      4.93    -10.31
  19  G/C       2.55     -0.27      3.38      5.96      3.91    -51.60
          ~~~~~~~~~~~~~~~~~~~~~~~~~~~~~~~~~~~~~~~~~~~~~~~~~~~~~~~~~~~~
      ave.    -16.53      0.06      1.77    -12.18      4.40    -32.04
      s.d.     20.66      0.35      1.74     19.64      0.53     21.18
****************************************************************************
Local strand II base step parameters
    step       Shift     Slide      Rise      Tilt      Roll     Twist
   1  C/G       0.44     -1.89      3.55     -3.40     -5.17    -51.25
   2  G/C       0.08      5.73      3.61     -0.84      5.50     -8.68
   3  C/G       0.44     -1.89      3.55     -3.40     -5.17    -51.24
   4  G/C       0.08      5.73      3.61     -0.84      5.50     -8.68
   5  C/G       0.44     -1.89      3.55     -3.40     -5.17    -51.25
   6  G/C       0.08      5.73      3.61     -0.84      5.50     -8.67
   7  C/G       0.44     -1.89      3.55     -3.40     -5.17    -51.25
   8  G/C       0.08      5.73      3.61     -0.84      5.50     -8.68
   9  C/G       0.44     -1.89      3.55     -3.40     -5.17    -51.24
  10  G/C       0.08      5.73      3.61     -0.84      5.50     -8.68
  11  C/G       0.44     -1.89      3.55     -3.40     -5.17    -51.25
  12  G/C       0.08      5.73      3.61     -0.84      5.50     -8.67
  13  C/G       0.44     -1.89      3.55     -3.40     -5.17    -51.25
  14  G/C       0.08      5.73      3.61     -0.84      5.50     -8.68
  15  C/G       0.44     -1.89      3.55     -3.40     -5.17    -51.24
  16  G/C       0.08      5.73      3.61     -0.84      5.50     -8.68
  17  C/G       0.44     -1.89      3.55     -3.40     -5.17    -51.25
  18  G/C       0.08      5.73      3.61     -0.84      5.50     -8.67
  19  C/G       0.44     -1.89      3.55     -3.40     -5.17    -51.25
          ~~~~~~~~~~~~~~~~~~~~~~~~~~~~~~~~~~~~~~~~~~~~~~~~~~~~~~~~~~~~
      ave.      0.27      1.72      3.58     -2.19     -0.12    -31.08
      s.d.      0.19      3.91      0.03      1.31      5.47     21.84
****************************************************************************
Local strand II base helical parameters
    step       X-disp    Y-disp   h-Rise     Incl.       Tip   h-Twist
   1  C/G       2.55      0.27      3.38      5.96     -3.91    -51.60
   2  G/C     -37.71     -0.42     -0.00    -32.32     -4.93    -10.31
   3  C/G       2.55      0.27      3.38      5.96     -3.91    -51.58
   4  G/C     -37.73     -0.42     -0.01    -32.34     -4.94    -10.30
   5  C/G       2.55      0.27      3.38      5.96     -3.91    -51.60
   6  G/C     -37.74     -0.42     -0.01    -32.35     -4.94    -10.30
   7  C/G       2.55      0.27      3.38      5.96     -3.91    -51.60
   8  G/C     -37.71     -0.42     -0.00    -32.32     -4.93    -10.31
   9  C/G       2.55      0.27      3.38      5.96     -3.91    -51.58
  10  G/C     -37.73     -0.42     -0.01    -32.34     -4.94    -10.30
  11  C/G       2.55      0.27      3.38      5.96     -3.91    -51.60
  12  G/C     -37.74     -0.42     -0.01    -32.35     -4.94    -10.30
  13  C/G       2.55      0.27      3.38      5.96     -3.91    -51.60
  14  G/C     -37.71     -0.42     -0.00    -32.32     -4.93    -10.31
  15  C/G       2.55      0.27      3.38      5.96     -3.91    -51.58
  16  G/C     -37.73     -0.42     -0.01    -32.34     -4.94    -10.30
  17  C/G       2.55      0.27      3.38      5.96     -3.91    -51.60
  18  G/C     -37.74     -0.42     -0.01    -32.35     -4.94    -10.30
  19  C/G       2.55      0.27      3.38      5.96     -3.91    -51.60
          ~~~~~~~~~~~~~~~~~~~~~~~~~~~~~~~~~~~~~~~~~~~~~~~~~~~~~~~~~~~~
      ave.    -16.53     -0.06      1.77    -12.18     -4.40    -32.04
      s.d.     20.66      0.35      1.74     19.64      0.53     21.18
****************************************************************************
xyz coordinates of C1' atoms

    bp        xI       yI       zI       xII      yII      zII
   1 G-C     4.157    6.815    2.056   -0.305   -2.882    1.774
   2 C-G    -0.305    2.882   -1.774    4.157   -6.815   -2.056
   3 G-C    -3.824    7.008   -5.194    2.343   -1.705   -5.476
   4 C-G    -2.648    1.177   -9.024    7.981    0.192   -9.306
   5 G-C    -7.981    0.192  -12.444    2.648    1.177  -12.726
   6 C-G    -2.343   -1.705  -16.274    3.824    7.008  -16.556
   7 G-C    -4.157   -6.815  -19.694    0.305    2.882  -19.976
   8 C-G     0.305   -2.882  -23.524   -4.157    6.815  -23.806
   9 G-C     3.824   -7.008  -26.944   -2.343    1.705  -27.226
  10 C-G     2.648   -1.177  -30.774   -7.981   -0.192  -31.056
  11 G-C     7.981   -0.192  -34.194   -2.648   -1.177  -34.476
  12 C-G     2.343    1.705  -38.024   -3.824   -7.008  -38.306
  13 G-C     4.157    6.815  -41.444   -0.305   -2.882  -41.726
  14 C-G    -0.305    2.882  -45.274    4.157   -6.815  -45.556
  15 G-C    -3.824    7.008  -48.694    2.343   -1.705  -48.976
  16 C-G    -2.648    1.177  -52.524    7.981    0.192  -52.806
  17 G-C    -7.981    0.192  -55.944    2.648    1.177  -56.226
  18 C-G    -2.343   -1.705  -59.774    3.824    7.008  -60.056
  19 G-C    -4.157   -6.815  -63.194    0.305    2.882  -63.476
  20 C-G     0.305   -2.882  -67.024   -4.157    6.815  -67.306
****************************************************************************
xyz coordinates of RN9/YN1 atoms

    bp        xI       yI       zI       xII      yII      zII
   1 G-C     4.891    5.526    1.911    1.133   -2.605    1.801
   2 C-G     1.133    2.605   -1.801    4.891   -5.526   -1.911
   3 G-C    -2.340    6.999   -5.339    2.823   -0.321   -5.449
   4 C-G    -1.689    2.284   -9.051    7.232    1.473   -9.161
   5 G-C    -7.232    1.473  -12.589    1.689    2.284  -12.699
   6 C-G    -2.823   -0.321  -16.301    2.340    6.999  -16.411
   7 G-C    -4.891   -5.526  -19.839   -1.133    2.605  -19.949
   8 C-G    -1.133   -2.605  -23.551   -4.891    5.526  -23.661
   9 G-C     2.340   -6.999  -27.089   -2.823    0.321  -27.199
  10 C-G     1.689   -2.284  -30.801   -7.232   -1.473  -30.911
  11 G-C     7.232   -1.473  -34.339   -1.689   -2.284  -34.449
  12 C-G     2.823    0.321  -38.051   -2.340   -6.999  -38.161
  13 G-C     4.891    5.526  -41.589    1.133   -2.605  -41.699
  14 C-G     1.133    2.605  -45.301    4.891   -5.526  -45.411
  15 G-C    -2.340    6.999  -48.839    2.823   -0.321  -48.949
  16 C-G    -1.689    2.284  -52.551    7.232    1.473  -52.661
  17 G-C    -7.232    1.473  -56.089    1.689    2.284  -56.199
  18 C-G    -2.823   -0.321  -59.801    2.340    6.999  -59.911
  19 G-C    -4.891   -5.526  -63.339   -1.133    2.605  -63.449
  20 C-G    -1.133   -2.605  -67.051   -4.891    5.526  -67.161
****************************************************************************
xyz coordinates of RC8/YC6 atoms

    bp        xI       yI       zI       xII      yII      zII
   1 G-C     6.242    5.307    1.750    2.041   -3.617    1.832
   2 C-G     2.041    3.617   -1.832    6.242   -5.307   -1.750
   3 G-C    -1.475    8.059   -5.500    4.153   -0.041   -5.418
   4 C-G    -2.112    3.576   -9.082    7.717    2.752   -9.000
   5 G-C    -7.717    2.752  -12.750    2.112    3.576  -12.668
   6 C-G    -4.153   -0.041  -16.332    1.475    8.059  -16.250
   7 G-C    -6.242   -5.307  -20.000   -2.041    3.617  -19.918
   8 C-G    -2.041   -3.617  -23.582   -6.242    5.307  -23.500
   9 G-C     1.475   -8.059  -27.250   -4.153    0.041  -27.168
  10 C-G     2.112   -3.576  -30.832   -7.717   -2.752  -30.750
  11 G-C     7.717   -2.752  -34.500   -2.112   -3.576  -34.418
  12 C-G     4.153    0.041  -38.082   -1.475   -8.059  -38.000
  13 G-C     6.242    5.307  -41.750    2.041   -3.617  -41.668
  14 C-G     2.041    3.617  -45.332    6.242   -5.307  -45.250
  15 G-C    -1.475    8.059  -49.000    4.153   -0.041  -48.918
  16 C-G    -2.112    3.576  -52.582    7.717    2.752  -52.500
  17 G-C    -7.717    2.752  -56.250    2.112    3.576  -56.168
  18 C-G    -4.153   -0.041  -59.832    1.475    8.059  -59.750
  19 G-C    -6.242   -5.307  -63.500   -2.041    3.617  -63.418
  20 C-G    -2.041   -3.617  -67.082   -6.242    5.307  -67.000
****************************************************************************
xyz coordinates of O1P atoms w.r.t. the middle frame of each dimer

    step       xI      yI      zI     xII     yII     zII
   1 GC/GC    5.31    6.65   -1.93    5.31    6.65   -1.93
   2 CG/CG    6.77    4.85   -2.88    6.77    4.85   -2.88
   3 GC/GC    5.30    6.65   -1.93    5.31    6.65   -1.93
   4 CG/CG    6.77    4.85   -2.88    6.77    4.85   -2.88
   5 GC/GC    5.31    6.65   -1.93    5.30    6.65   -1.93
   6 CG/CG    6.77    4.85   -2.88    6.77    4.85   -2.88
   7 GC/GC    5.31    6.65   -1.93    5.31    6.65   -1.93
   8 CG/CG    6.77    4.85   -2.88    6.77    4.85   -2.88
   9 GC/GC    5.30    6.65   -1.93    5.31    6.65   -1.93
  10 CG/CG    6.77    4.85   -2.88    6.77    4.85   -2.88
  11 GC/GC    5.31    6.65   -1.93    5.30    6.65   -1.93
  12 CG/CG    6.77    4.85   -2.88    6.77    4.85   -2.88
  13 GC/GC    5.31    6.65   -1.93    5.31    6.65   -1.93
  14 CG/CG    6.77    4.85   -2.88    6.77    4.85   -2.88
  15 GC/GC    5.30    6.65   -1.93    5.31    6.65   -1.93
  16 CG/CG    6.77    4.85   -2.88    6.77    4.85   -2.88
  17 GC/GC    5.31    6.65   -1.93    5.30    6.65   -1.93
  18 CG/CG    6.77    4.85   -2.88    6.77    4.85   -2.88
  19 GC/GC    5.31    6.65   -1.93    5.31    6.65   -1.93
****************************************************************************
xyz coordinates of O1P atoms w.r.t. the middle helix frame of each dimer

    step      xIH     yIH     zIH     xIIH    yIIH    zIIH
   1 GC/GC    7.60    6.80   -1.31    7.60    6.80   -1.31
   2 CG/CG  -30.82    2.57   -5.03  -30.82    2.57   -5.03
   3 GC/GC    7.60    6.80   -1.31    7.60    6.80   -1.31
   4 CG/CG  -30.82    2.57   -5.03  -30.82    2.57   -5.03
   5 GC/GC    7.60    6.80   -1.31    7.60    6.80   -1.31
   6 CG/CG  -30.82    2.57   -5.03  -30.82    2.57   -5.03
   7 GC/GC    7.60    6.80   -1.31    7.60    6.80   -1.31
   8 CG/CG  -30.82    2.57   -5.03  -30.82    2.57   -5.03
   9 GC/GC    7.60    6.80   -1.31    7.60    6.80   -1.31
  10 CG/CG  -30.82    2.57   -5.03  -30.82    2.57   -5.03
  11 GC/GC    7.60    6.80   -1.31    7.60    6.80   -1.31
  12 CG/CG  -30.82    2.57   -5.03  -30.82    2.57   -5.03
  13 GC/GC    7.60    6.80   -1.31    7.60    6.80   -1.31
  14 CG/CG  -30.82    2.57   -5.03  -30.82    2.57   -5.03
  15 GC/GC    7.60    6.80   -1.31    7.60    6.80   -1.31
  16 CG/CG  -30.82    2.57   -5.03  -30.82    2.57   -5.03
  17 GC/GC    7.60    6.80   -1.31    7.60    6.80   -1.31
  18 CG/CG  -30.82    2.57   -5.03  -30.82    2.57   -5.03
  19 GC/GC    7.60    6.80   -1.31    7.60    6.80   -1.31
****************************************************************************
xyz coordinates of O2P atoms w.r.t. the middle frame of each dimer

    step       xI      yI      zI     xII     yII     zII
   1 GC/GC    5.62    8.45   -0.21    5.62    8.45   -0.21
   2 CG/CG    5.05    5.99   -4.32    5.05    5.98   -4.32
   3 GC/GC    5.62    8.45   -0.21    5.62    8.45   -0.21
   4 CG/CG    5.05    5.99   -4.32    5.05    5.99   -4.32
   5 GC/GC    5.62    8.45   -0.21    5.62    8.45   -0.21
   6 CG/CG    5.05    5.98   -4.32    5.05    5.99   -4.32
   7 GC/GC    5.62    8.45   -0.21    5.62    8.45   -0.21
   8 CG/CG    5.05    5.99   -4.32    5.05    5.98   -4.32
   9 GC/GC    5.62    8.45   -0.21    5.62    8.45   -0.21
  10 CG/CG    5.05    5.99   -4.32    5.05    5.99   -4.32
  11 GC/GC    5.62    8.45   -0.21    5.62    8.45   -0.21
  12 CG/CG    5.05    5.98   -4.32    5.05    5.99   -4.32
  13 GC/GC    5.62    8.45   -0.21    5.62    8.45   -0.21
  14 CG/CG    5.05    5.99   -4.32    5.05    5.98   -4.32
  15 GC/GC    5.62    8.45   -0.21    5.62    8.45   -0.21
  16 CG/CG    5.05    5.99   -4.32    5.05    5.99   -4.32
  17 GC/GC    5.62    8.45   -0.21    5.62    8.45   -0.21
  18 CG/CG    5.05    5.98   -4.32    5.05    5.99   -4.32
  19 GC/GC    5.62    8.45   -0.21    5.62    8.45   -0.21
****************************************************************************
xyz coordinates of O2P atoms w.r.t. the middle helix frame of each dimer

    step      xIH     yIH     zIH     xIIH    yIIH    zIIH
   1 GC/GC    7.91    8.43    0.57    7.91    8.43    0.57
   2 CG/CG  -32.54    2.76   -6.84  -32.54    2.76   -6.84
   3 GC/GC    7.91    8.43    0.57    7.91    8.43    0.57
   4 CG/CG  -32.54    2.76   -6.84  -32.54    2.76   -6.84
   5 GC/GC    7.91    8.43    0.57    7.91    8.43    0.57
   6 CG/CG  -32.54    2.76   -6.84  -32.54    2.76   -6.84
   7 GC/GC    7.91    8.43    0.57    7.91    8.43    0.57
   8 CG/CG  -32.54    2.76   -6.84  -32.54    2.76   -6.84
   9 GC/GC    7.91    8.43    0.57    7.91    8.43    0.57
  10 CG/CG  -32.54    2.76   -6.84  -32.54    2.76   -6.84
  11 GC/GC    7.91    8.43    0.57    7.91    8.43    0.57
  12 CG/CG  -32.54    2.76   -6.84  -32.54    2.76   -6.84
  13 GC/GC    7.91    8.43    0.57    7.91    8.43    0.57
  14 CG/CG  -32.54    2.76   -6.84  -32.54    2.76   -6.84
  15 GC/GC    7.91    8.43    0.57    7.91    8.43    0.57
  16 CG/CG  -32.54    2.76   -6.84  -32.54    2.76   -6.84
  17 GC/GC    7.91    8.43    0.57    7.91    8.43    0.57
  18 CG/CG  -32.54    2.76   -6.84  -32.54    2.76   -6.84
  19 GC/GC    7.91    8.43    0.57    7.91    8.43    0.57
****************************************************************************
xyz coordinates of P atoms w.r.t. the middle frame of each dimer

    step       xI      yI      zI     xII     yII     zII
   1 GC/GC    4.79    7.33   -0.73    4.79    7.33   -0.73
   2 CG/CG    5.40    5.39   -3.01    5.40    5.39   -3.01
   3 GC/GC    4.79    7.33   -0.73    4.79    7.33   -0.73
   4 CG/CG    5.40    5.39   -3.01    5.40    5.39   -3.01
   5 GC/GC    4.79    7.33   -0.73    4.79    7.33   -0.73
   6 CG/CG    5.40    5.39   -3.01    5.40    5.39   -3.01
   7 GC/GC    4.79    7.33   -0.73    4.79    7.33   -0.73
   8 CG/CG    5.40    5.39   -3.01    5.40    5.39   -3.01
   9 GC/GC    4.79    7.33   -0.73    4.79    7.33   -0.73
  10 CG/CG    5.40    5.39   -3.01    5.40    5.39   -3.01
  11 GC/GC    4.79    7.33   -0.73    4.79    7.33   -0.73
  12 CG/CG    5.40    5.39   -3.01    5.40    5.39   -3.01
  13 GC/GC    4.79    7.33   -0.73    4.79    7.33   -0.73
  14 CG/CG    5.40    5.39   -3.01    5.40    5.39   -3.01
  15 GC/GC    4.79    7.33   -0.73    4.79    7.33   -0.73
  16 CG/CG    5.40    5.39   -3.01    5.40    5.39   -3.01
  17 GC/GC    4.79    7.33   -0.73    4.79    7.33   -0.73
  18 CG/CG    5.40    5.39   -3.01    5.40    5.39   -3.01
  19 GC/GC    4.79    7.33   -0.73    4.79    7.33   -0.73
****************************************************************************
xyz coordinates of P atoms w.r.t. the middle helix frame of each dimer

    step      xIH     yIH     zIH     xIIH    yIIH    zIIH
   1 GC/GC    7.09    7.37   -0.04    7.09    7.37   -0.04
   2 CG/CG  -32.19    2.95   -5.42  -32.19    2.95   -5.42
   3 GC/GC    7.09    7.37   -0.04    7.09    7.37   -0.04
   4 CG/CG  -32.20    2.95   -5.42  -32.20    2.95   -5.42
   5 GC/GC    7.09    7.37   -0.04    7.09    7.37   -0.04
   6 CG/CG  -32.19    2.95   -5.42  -32.19    2.95   -5.42
   7 GC/GC    7.09    7.37   -0.04    7.09    7.37   -0.04
   8 CG/CG  -32.19    2.95   -5.42  -32.19    2.95   -5.42
   9 GC/GC    7.09    7.37   -0.04    7.09    7.37   -0.04
  10 CG/CG  -32.20    2.95   -5.42  -32.20    2.95   -5.42
  11 GC/GC    7.09    7.37   -0.04    7.09    7.37   -0.04
  12 CG/CG  -32.19    2.95   -5.42  -32.19    2.95   -5.42
  13 GC/GC    7.09    7.37   -0.04    7.09    7.37   -0.04
  14 CG/CG  -32.19    2.95   -5.42  -32.19    2.95   -5.42
  15 GC/GC    7.09    7.37   -0.04    7.09    7.37   -0.04
  16 CG/CG  -32.20    2.95   -5.42  -32.20    2.95   -5.42
  17 GC/GC    7.09    7.37   -0.04    7.09    7.37   -0.04
  18 CG/CG  -32.19    2.95   -5.42  -32.19    2.95   -5.42
  19 GC/GC    7.09    7.37   -0.04    7.09    7.37   -0.04
****************************************************************************
xyz coordinates of P atoms

    bp        xI       yI       zI       xII      yII      zII
   1 G-C     0.725    5.825    6.597   -0.671   -7.316   -0.861
   2 C-G    -0.671    7.316    0.861    0.725   -5.825   -6.597
   3 G-C    -4.682    3.540   -0.653    6.001   -4.239   -8.111
   4 C-G    -6.672    3.077   -6.389    5.407   -2.285  -13.847
   5 G-C    -5.407   -2.285   -7.903    6.672    3.077  -15.361
   6 C-G    -6.001   -4.239  -13.639    4.682    3.540  -21.097
   7 G-C    -0.725   -5.825  -15.153    0.671    7.316  -22.611
   8 C-G     0.671   -7.316  -20.889   -0.725    5.825  -28.347
   9 G-C     4.682   -3.540  -22.403   -6.001    4.239  -29.861
  10 C-G     6.672   -3.077  -28.139   -5.407    2.285  -35.597
  11 G-C     5.407    2.285  -29.653   -6.672   -3.077  -37.111
  12 C-G     6.001    4.239  -35.389   -4.682   -3.540  -42.847
  13 G-C     0.725    5.825  -36.903   -0.671   -7.316  -44.361
  14 C-G    -0.671    7.316  -42.639    0.725   -5.825  -50.097
  15 G-C    -4.682    3.540  -44.153    6.001   -4.239  -51.611
  16 C-G    -6.672    3.077  -49.889    5.407   -2.285  -57.347
  17 G-C    -5.407   -2.285  -51.403    6.672    3.077  -58.861
  18 C-G    -6.001   -4.239  -57.139    4.682    3.540  -64.597
  19 G-C    -0.725   -5.825  -58.653    0.671    7.316  -66.111
  20 C-G     0.671   -7.316  -64.389   -0.725    5.825  -71.847
*******************************************************************************************
Phosphorus-phosphorus distance in Angstroms

            1      2      3      4      5      6      7      8      9     10     11     12
            C      G      C      G      C      G      C      G      C      G      C      G   
   1 G    15.2   17.6   18.6   22.5   22.9   28.1   29.2   35.0   37.1   42.8   45.2   50.6
   2 C    14.7   15.2   16.1   18.6   18.3   22.9   23.5   29.2   31.3   37.1   39.8   45.2
   3 G    11.6   12.3   15.2   17.6   18.6   22.5   22.9   28.1   29.2   35.0   37.1   42.8
   4 C    13.2   11.6   14.7   15.2   16.1   18.6   18.3   22.9   23.5   29.2   31.3   37.1
   5 G     9.9    7.2   11.6   12.3   15.2   17.6   18.6   22.5   22.9   28.1   29.2   35.0
   6 C    14.2    9.9   13.2   11.6   14.7   15.2   16.1   18.6   18.3   22.9   23.5   29.2
   7 G    14.4    8.7    9.9    7.2   11.6   12.3   15.2   17.6   18.6   22.5   22.9   28.1
   8 C    20.1   14.4   14.2    9.9   13.2   11.6   14.7   15.2   16.1   18.6   18.3   22.9
   9 G    22.5   16.5   14.4    8.7    9.9    7.2   11.6   12.3   15.2   17.6   18.6   22.5
  10 C    28.6   22.5   20.1   14.4   14.2    9.9   13.2   11.6   14.7   15.2   16.1   18.6
  11 G    31.0   24.9   22.5   16.5   14.4    8.7    9.9    7.2   11.6   12.3   15.2   17.6
  12 C    37.0   31.0   28.6   22.5   20.1   14.4   14.2    9.9   13.2   11.6   14.7   15.2
  13 G    38.4   32.5   31.0   24.9   22.5   16.5   14.4    8.7    9.9    7.2   11.6   12.3
  14 C    44.3   38.4   37.0   31.0   28.6   22.5   20.1   14.4   14.2    9.9   13.2   11.6
  15 G    44.8   39.1   38.4   32.5   31.0   24.9   22.5   16.5   14.4    8.7    9.9    7.2
  16 C    50.5   44.8   44.3   38.4   37.0   31.0   28.6   22.5   20.1   14.4   14.2    9.9
  17 G    51.0   45.4   44.8   39.1   38.4   32.5   31.0   24.9   22.5   16.5   14.4    8.7
  18 C    56.6   51.0   50.5   44.8   44.3   38.4   37.0   31.0   28.6   22.5   20.1   14.4
  19 G    57.8   52.1   51.0   45.4   44.8   39.1   38.4   32.5   31.0   24.9   22.5   16.5
  20 C    63.5   57.8   56.6   51.0   50.5   44.8   44.3   38.4   37.0   31.0   28.6   22.5

           13     14     15     16     17     18     19     20
            C      G      C      G      C      G      C      G   
   1 G    52.6   57.9   59.3   64.6   65.8   71.3   72.7   78.5
   2 C    47.5   52.6   54.1   59.3   60.3   65.8   67.0   72.7
   3 G    45.2   50.6   52.6   57.9   59.3   64.6   65.8   71.3
   4 C    39.8   45.2   47.5   52.6   54.1   59.3   60.3   65.8
   5 G    37.1   42.8   45.2   50.6   52.6   57.9   59.3   64.6
   6 C    31.3   37.1   39.8   45.2   47.5   52.6   54.1   59.3
   7 G    29.2   35.0   37.1   42.8   45.2   50.6   52.6   57.9
   8 C    23.5   29.2   31.3   37.1   39.8   45.2   47.5   52.6
   9 G    22.9   28.1   29.2   35.0   37.1   42.8   45.2   50.6
  10 C    18.3   22.9   23.5   29.2   31.3   37.1   39.8   45.2
  11 G    18.6   22.5   22.9   28.1   29.2   35.0   37.1   42.8
  12 C    16.1   18.6   18.3   22.9   23.5   29.2   31.3   37.1
  13 G    15.2   17.6   18.6   22.5   22.9   28.1   29.2   35.0
  14 C    14.7   15.2   16.1   18.6   18.3   22.9   23.5   29.2
  15 G    11.6   12.3   15.2   17.6   18.6   22.5   22.9   28.1
  16 C    13.2   11.6   14.7   15.2   16.1   18.6   18.3   22.9
  17 G     9.9    7.2   11.6   12.3   15.2   17.6   18.6   22.5
  18 C    14.2    9.9   13.2   11.6   14.7   15.2   16.1   18.6
  19 G    14.4    8.7    9.9    7.2   11.6   12.3   15.2   17.6
  20 C    20.1   14.4   14.2    9.9   13.2   11.6   14.7   15.2
****************************************************************************
Strand I helix radius

    step          P        O4'       C1'
   1  G/C      10.11      7.71      7.19
   2  C/G      32.47     35.59     35.71
   3  G/C      10.11      7.71      7.19
   4  C/G      32.46     35.59     35.70
   5  G/C      10.12      7.71      7.19
   6  C/G      32.44     35.56     35.68
   7  G/C      10.11      7.71      7.19
   8  C/G      32.47     35.59     35.71
   9  G/C      10.11      7.71      7.19
  10  C/G      32.46     35.59     35.70
  11  G/C      10.12      7.71      7.19
  12  C/G      32.44     35.56     35.68
  13  G/C      10.11      7.71      7.19
  14  C/G      32.47     35.59     35.71
  15  G/C      10.11      7.71      7.19
  16  C/G      32.46     35.59     35.70
  17  G/C      10.12      7.71      7.19
  18  C/G      32.44     35.56     35.68
  19  G/C      10.11      7.71      7.19
****************************************************************************
Strand II helix radius

    step          P        O4'       C1'
   1  C/G      10.11      7.71      7.19
   2  G/C      32.44     35.56     35.68
   3  C/G      10.12      7.71      7.19
   4  G/C      32.46     35.59     35.70
   5  C/G      10.11      7.71      7.19
   6  G/C      32.47     35.59     35.71
   7  C/G      10.11      7.71      7.19
   8  G/C      32.44     35.56     35.68
   9  C/G      10.12      7.71      7.19
  10  G/C      32.46     35.59     35.70
  11  C/G      10.11      7.71      7.19
  12  G/C      32.47     35.59     35.71
  13  C/G      10.11      7.71      7.19
  14  G/C      32.44     35.56     35.68
  15  C/G      10.12      7.71      7.19
  16  G/C      32.46     35.59     35.70
  17  C/G      10.11      7.71      7.19
  18  G/C      32.47     35.59     35.71
  19  C/G      10.11      7.71      7.19
****************************************************************************************
Base-pair helix axis

               Ox      Oy      Oz     Xx    Xy    Xz   Yx    Yy    Yz    Zx    Zy    Zz
   1 GC/GC    6.42   -0.19    1.68 -0.90  0.43  0.05  0.44  0.89  0.10  0.00  0.11 -0.99
              6.42    0.19   -1.68 -0.90 -0.43 -0.05 -0.44  0.89  0.10  0.00  0.11 -0.99
   2 CG/CG  -29.85  -17.24   -3.63 -0.90 -0.43 -0.05 -0.34  0.77 -0.54  0.27 -0.47 -0.84
            -29.86  -17.24   -3.62 -0.82 -0.56  0.05 -0.50  0.68 -0.54  0.27 -0.47 -0.84
   3 GC/GC    3.37    5.47   -5.57 -0.82 -0.56  0.05 -0.56  0.82  0.10 -0.10  0.06 -0.99
              3.05    5.65   -8.93 -0.08 -1.00 -0.05 -0.99  0.07  0.10 -0.10  0.06 -0.99
   4 CG/CG    0.00  -34.48  -10.88 -0.08 -1.00 -0.05 -0.84  0.09 -0.54  0.54  0.00 -0.84
             -0.00  -34.48  -10.87  0.08 -1.00  0.05 -0.84 -0.09 -0.54  0.54  0.00 -0.84
   5 GC/GC   -3.05    5.65  -12.82  0.08 -1.00  0.05 -0.99 -0.07  0.10 -0.10 -0.06 -0.99
             -3.37    5.47  -16.18  0.82 -0.56 -0.05 -0.56 -0.82  0.10 -0.10 -0.06 -0.99
   6 CG/CG   29.86  -17.24  -18.13  0.82 -0.56 -0.05 -0.50 -0.68 -0.54  0.27  0.47 -0.84
             29.85  -17.24  -18.12  0.90 -0.43  0.05 -0.34 -0.77 -0.54  0.27  0.47 -0.84
   7 GC/GC   -6.42    0.19  -20.07  0.90 -0.43  0.05 -0.44 -0.89  0.10  0.00 -0.11 -0.99
             -6.42   -0.19  -23.43  0.90  0.43 -0.05  0.44 -0.89  0.10  0.00 -0.11 -0.99
   8 CG/CG   29.85   17.24  -25.38  0.90  0.43 -0.05  0.34 -0.77 -0.54 -0.27  0.47 -0.84
             29.86   17.24  -25.37  0.82  0.56  0.05  0.50 -0.68 -0.54 -0.27  0.47 -0.84
   9 GC/GC   -3.37   -5.47  -27.32  0.82  0.56  0.05  0.56 -0.82  0.10  0.10 -0.06 -0.99
             -3.05   -5.65  -30.68  0.08  1.00 -0.05  0.99 -0.07  0.10  0.10 -0.06 -0.99
  10 CG/CG   -0.00   34.48  -32.63  0.08  1.00 -0.05  0.84 -0.09 -0.54 -0.54  0.00 -0.84
              0.00   34.48  -32.62 -0.08  1.00  0.05  0.84  0.09 -0.54 -0.54  0.00 -0.84
  11 GC/GC    3.05   -5.65  -34.57 -0.08  1.00  0.05  0.99  0.07  0.10  0.10  0.06 -0.99
              3.37   -5.47  -37.93 -0.82  0.56 -0.05  0.56  0.82  0.10  0.10  0.06 -0.99
  12 CG/CG  -29.86   17.24  -39.88 -0.82  0.56 -0.05  0.50  0.68 -0.54 -0.27 -0.47 -0.84
            -29.85   17.24  -39.87 -0.90  0.43  0.05  0.34  0.77 -0.54 -0.27 -0.47 -0.84
  13 GC/GC    6.42   -0.19  -41.82 -0.90  0.43  0.05  0.44  0.89  0.10  0.00  0.11 -0.99
              6.42    0.19  -45.18 -0.90 -0.43 -0.05 -0.44  0.89  0.10  0.00  0.11 -0.99
  14 CG/CG  -29.85  -17.24  -47.13 -0.90 -0.43 -0.05 -0.34  0.77 -0.54  0.27 -0.47 -0.84
            -29.86  -17.24  -47.12 -0.82 -0.56  0.05 -0.50  0.68 -0.54  0.27 -0.47 -0.84
  15 GC/GC    3.37    5.47  -49.07 -0.82 -0.56  0.05 -0.56  0.82  0.10 -0.10  0.06 -0.99
              3.05    5.65  -52.43 -0.08 -1.00 -0.05 -0.99  0.07  0.10 -0.10  0.06 -0.99
  16 CG/CG    0.00  -34.48  -54.38 -0.08 -1.00 -0.05 -0.84  0.09 -0.54  0.54  0.00 -0.84
             -0.00  -34.48  -54.37  0.08 -1.00  0.05 -0.84 -0.09 -0.54  0.54  0.00 -0.84
  17 GC/GC   -3.05    5.65  -56.32  0.08 -1.00  0.05 -0.99 -0.07  0.10 -0.10 -0.06 -0.99
             -3.37    5.47  -59.68  0.82 -0.56 -0.05 -0.56 -0.82  0.10 -0.10 -0.06 -0.99
  18 CG/CG   29.86  -17.24  -61.63  0.82 -0.56 -0.05 -0.50 -0.68 -0.54  0.27  0.47 -0.84
             29.85  -17.24  -61.62  0.90 -0.43  0.05 -0.34 -0.77 -0.54  0.27  0.47 -0.84
  19 GC/GC   -6.42    0.19  -63.57  0.90 -0.43  0.05 -0.44 -0.89  0.10  0.00 -0.11 -0.99
             -6.42   -0.19  -66.93  0.90  0.43 -0.05  0.44 -0.89  0.10  0.00 -0.11 -0.99
****************************************************************************************
Strand I helix axis

               Ox      Oy      Oz     Xx    Xy    Xz   Yx    Yy    Yz    Zx    Zy    Zz
   1  G/C     6.42   -0.03    1.67 -0.89  0.45  0.05  0.45  0.89  0.10 -0.00  0.11 -0.99
              6.41    0.34   -1.68 -0.91 -0.42 -0.04 -0.42  0.90  0.10 -0.00  0.11 -0.99
   2  C/G   -29.39  -18.03   -3.78 -0.89 -0.44 -0.06 -0.35  0.77 -0.54  0.28 -0.46 -0.84
            -29.39  -18.02   -3.77 -0.82 -0.57  0.04 -0.50  0.68 -0.54  0.28 -0.46 -0.84
   3  G/C     3.24    5.55   -5.58 -0.83 -0.55  0.05 -0.54  0.83  0.10 -0.10  0.05 -0.99
              2.91    5.73   -8.93 -0.09 -0.99 -0.04 -0.99  0.09  0.10 -0.10  0.05 -0.99
   4  C/G     0.92  -34.46  -11.02 -0.06 -1.00 -0.06 -0.84  0.08 -0.54  0.54  0.01 -0.84
              0.91  -34.46  -11.02  0.09 -1.00  0.04 -0.84 -0.10 -0.54  0.54  0.01 -0.84
   5  G/C    -3.18    5.58  -12.83  0.06 -1.00  0.05 -0.99 -0.06  0.10 -0.09 -0.06 -0.99
             -3.50    5.38  -16.18  0.82 -0.58 -0.04 -0.57 -0.82  0.10 -0.09 -0.06 -0.99
   6  C/G    30.28  -16.43  -18.27  0.83 -0.55 -0.06 -0.49 -0.69 -0.54  0.26  0.47 -0.84
             30.28  -16.43  -18.27  0.91 -0.42  0.04 -0.34 -0.77 -0.54  0.26  0.47 -0.84
   7  G/C    -6.42    0.03  -20.08  0.89 -0.45  0.05 -0.45 -0.89  0.10  0.00 -0.11 -0.99
             -6.41   -0.34  -23.43  0.91  0.42 -0.04  0.42 -0.90  0.10  0.00 -0.11 -0.99
   8  C/G    29.39   18.03  -25.53  0.89  0.44 -0.06  0.35 -0.77 -0.54 -0.28  0.46 -0.84
             29.39   18.02  -25.52  0.82  0.57  0.04  0.50 -0.68 -0.54 -0.28  0.46 -0.84
   9  G/C    -3.24   -5.55  -27.33  0.83  0.55  0.05  0.54 -0.83  0.10  0.10 -0.05 -0.99
             -2.91   -5.73  -30.68  0.09  0.99 -0.04  0.99 -0.09  0.10  0.10 -0.05 -0.99
  10  C/G    -0.92   34.46  -32.77  0.06  1.00 -0.06  0.84 -0.08 -0.54 -0.54 -0.01 -0.84
             -0.91   34.46  -32.77 -0.09  1.00  0.04  0.84  0.10 -0.54 -0.54 -0.01 -0.84
  11  G/C     3.18   -5.58  -34.58 -0.06  1.00  0.05  0.99  0.06  0.10  0.09  0.06 -0.99
              3.50   -5.38  -37.93 -0.82  0.58 -0.04  0.57  0.82  0.10  0.09  0.06 -0.99
  12  C/G   -30.28   16.43  -40.02 -0.83  0.55 -0.06  0.49  0.69 -0.54 -0.26 -0.47 -0.84
            -30.28   16.43  -40.02 -0.91  0.42  0.04  0.34  0.77 -0.54 -0.26 -0.47 -0.84
  13  G/C     6.42   -0.03  -41.83 -0.89  0.45  0.05  0.45  0.89  0.10 -0.00  0.11 -0.99
              6.41    0.34  -45.18 -0.91 -0.42 -0.04 -0.42  0.90  0.10 -0.00  0.11 -0.99
  14  C/G   -29.39  -18.03  -47.28 -0.89 -0.44 -0.06 -0.35  0.77 -0.54  0.28 -0.46 -0.84
            -29.39  -18.02  -47.27 -0.82 -0.57  0.04 -0.50  0.68 -0.54  0.28 -0.46 -0.84
  15  G/C     3.24    5.55  -49.08 -0.83 -0.55  0.05 -0.54  0.83  0.10 -0.10  0.05 -0.99
              2.91    5.73  -52.43 -0.09 -0.99 -0.04 -0.99  0.09  0.10 -0.10  0.05 -0.99
  16  C/G     0.92  -34.46  -54.52 -0.06 -1.00 -0.06 -0.84  0.08 -0.54  0.54  0.01 -0.84
              0.91  -34.46  -54.52  0.09 -1.00  0.04 -0.84 -0.10 -0.54  0.54  0.01 -0.84
  17  G/C    -3.18    5.58  -56.33  0.06 -1.00  0.05 -0.99 -0.06  0.10 -0.09 -0.06 -0.99
             -3.50    5.38  -59.68  0.82 -0.58 -0.04 -0.57 -0.82  0.10 -0.09 -0.06 -0.99
  18  C/G    30.28  -16.43  -61.77  0.83 -0.55 -0.06 -0.49 -0.69 -0.54  0.26  0.47 -0.84
             30.28  -16.43  -61.77  0.91 -0.42  0.04 -0.34 -0.77 -0.54  0.26  0.47 -0.84
  19  G/C    -6.42    0.03  -63.58  0.89 -0.45  0.05 -0.45 -0.89  0.10  0.00 -0.11 -0.99
             -6.41   -0.34  -66.93  0.91  0.42 -0.04  0.42 -0.90  0.10  0.00 -0.11 -0.99
****************************************************************************************
Strand II helix axis

               Ox      Oy      Oz     Xx    Xy    Xz   Yx    Yy    Yz    Zx    Zy    Zz
   1  C/G     6.41   -0.34    1.68 -0.91  0.42  0.04  0.42  0.90  0.10  0.00  0.11 -0.99
              6.42    0.03   -1.67 -0.89 -0.45 -0.05 -0.45  0.89  0.10  0.00  0.11 -0.99
   2  G/C   -30.28  -16.43   -3.48 -0.91 -0.42 -0.04 -0.34  0.77 -0.54  0.26 -0.47 -0.84
            -30.28  -16.43   -3.48 -0.83 -0.55  0.06 -0.49  0.69 -0.54  0.26 -0.47 -0.84
   3  C/G     3.50    5.38   -5.57 -0.82 -0.58  0.04 -0.57  0.82  0.10 -0.09  0.06 -0.99
              3.18    5.58   -8.92 -0.06 -1.00 -0.05 -0.99  0.06  0.10 -0.09  0.06 -0.99
   4  G/C    -0.91  -34.46  -10.73 -0.09 -1.00 -0.04 -0.84  0.10 -0.54  0.54 -0.01 -0.84
             -0.92  -34.46  -10.73  0.06 -1.00  0.06 -0.84 -0.08 -0.54  0.54 -0.01 -0.84
   5  C/G    -2.91    5.73  -12.82  0.09 -0.99  0.04 -0.99 -0.09  0.10 -0.10 -0.05 -0.99
             -3.24    5.55  -16.17  0.83 -0.55 -0.05 -0.54 -0.83  0.10 -0.10 -0.05 -0.99
   6  G/C    29.39  -18.02  -17.98  0.82 -0.57 -0.04 -0.50 -0.68 -0.54  0.28  0.46 -0.84
             29.39  -18.03  -17.97  0.89 -0.44  0.06 -0.35 -0.77 -0.54  0.28  0.46 -0.84
   7  C/G    -6.41    0.34  -20.07  0.91 -0.42  0.04 -0.42 -0.90  0.10 -0.00 -0.11 -0.99
             -6.42   -0.03  -23.42  0.89  0.45 -0.05  0.45 -0.89  0.10 -0.00 -0.11 -0.99
   8  G/C    30.28   16.43  -25.23  0.91  0.42 -0.04  0.34 -0.77 -0.54 -0.26  0.47 -0.84
             30.28   16.43  -25.23  0.83  0.55  0.06  0.49 -0.69 -0.54 -0.26  0.47 -0.84
   9  C/G    -3.50   -5.38  -27.32  0.82  0.58  0.04  0.57 -0.82  0.10  0.09 -0.06 -0.99
             -3.18   -5.58  -30.67  0.06  1.00 -0.05  0.99 -0.06  0.10  0.09 -0.06 -0.99
  10  G/C     0.91   34.46  -32.48  0.09  1.00 -0.04  0.84 -0.10 -0.54 -0.54  0.01 -0.84
              0.92   34.46  -32.48 -0.06  1.00  0.06  0.84  0.08 -0.54 -0.54  0.01 -0.84
  11  C/G     2.91   -5.73  -34.57 -0.09  0.99  0.04  0.99  0.09  0.10  0.10  0.05 -0.99
              3.24   -5.55  -37.92 -0.83  0.55 -0.05  0.54  0.83  0.10  0.10  0.05 -0.99
  12  G/C   -29.39   18.02  -39.73 -0.82  0.57 -0.04  0.50  0.68 -0.54 -0.28 -0.46 -0.84
            -29.39   18.03  -39.72 -0.89  0.44  0.06  0.35  0.77 -0.54 -0.28 -0.46 -0.84
  13  C/G     6.41   -0.34  -41.82 -0.91  0.42  0.04  0.42  0.90  0.10  0.00  0.11 -0.99
              6.42    0.03  -45.17 -0.89 -0.45 -0.05 -0.45  0.89  0.10  0.00  0.11 -0.99
  14  G/C   -30.28  -16.43  -46.98 -0.91 -0.42 -0.04 -0.34  0.77 -0.54  0.26 -0.47 -0.84
            -30.28  -16.43  -46.98 -0.83 -0.55  0.06 -0.49  0.69 -0.54  0.26 -0.47 -0.84
  15  C/G     3.50    5.38  -49.07 -0.82 -0.58  0.04 -0.57  0.82  0.10 -0.09  0.06 -0.99
              3.18    5.58  -52.42 -0.06 -1.00 -0.05 -0.99  0.06  0.10 -0.09  0.06 -0.99
  16  G/C    -0.91  -34.46  -54.23 -0.09 -1.00 -0.04 -0.84  0.10 -0.54  0.54 -0.01 -0.84
             -0.92  -34.46  -54.23  0.06 -1.00  0.06 -0.84 -0.08 -0.54  0.54 -0.01 -0.84
  17  C/G    -2.91    5.73  -56.32  0.09 -0.99  0.04 -0.99 -0.09  0.10 -0.10 -0.05 -0.99
             -3.24    5.55  -59.67  0.83 -0.55 -0.05 -0.54 -0.83  0.10 -0.10 -0.05 -0.99
  18  G/C    29.39  -18.02  -61.48  0.82 -0.57 -0.04 -0.50 -0.68 -0.54  0.28  0.46 -0.84
             29.39  -18.03  -61.47  0.89 -0.44  0.06 -0.35 -0.77 -0.54  0.28  0.46 -0.84
  19  C/G    -6.41    0.34  -63.57  0.91 -0.42  0.04 -0.42 -0.90  0.10 -0.00 -0.11 -0.99
             -6.42   -0.03  -66.92  0.89  0.45 -0.05  0.45 -0.89  0.10 -0.00 -0.11 -0.99
