  20 # base-pairs
   1 # ***local base-pair & helical parameters***
#        Shear    Stretch   Stagger   Buckle   Prop-Tw   Opening     X-disp    Y-disp    h-Rise    Incl.     Tip     h-Twist
G-C      0.125    -0.169     0.052     0.150     8.293     1.286     0.000     0.000     0.000     0.000     0.000     0.000
C-G     -0.125    -0.169     0.052    -0.150     8.293     1.286     2.552     0.000     3.377     5.906     0.000   -51.605
G-C      0.124    -0.169     0.052     0.150     8.293     1.295   -37.739    -0.001    -0.006   -32.367     0.001   -10.298
C-G     -0.124    -0.169     0.052    -0.150     8.294     1.281     2.553    -0.000     3.377     5.908    -0.000   -51.597
G-C      0.124    -0.169     0.052     0.150     8.294     1.281   -37.745     0.000    -0.007   -32.375     0.000   -10.297
C-G     -0.124    -0.169     0.052    -0.150     8.293     1.295     2.553     0.000     3.377     5.908     0.000   -51.597
G-C      0.125    -0.169     0.052     0.150     8.293     1.286   -37.739     0.001    -0.006   -32.367    -0.001   -10.298
C-G     -0.125    -0.169     0.052    -0.150     8.293     1.286     2.552    -0.000     3.377     5.906    -0.000   -51.605
G-C      0.124    -0.169     0.052     0.150     8.293     1.295   -37.739    -0.001    -0.006   -32.367     0.001   -10.298
C-G     -0.124    -0.169     0.052    -0.150     8.294     1.281     2.553    -0.000     3.377     5.908    -0.000   -51.597
G-C      0.124    -0.169     0.052     0.150     8.294     1.281   -37.745    -0.000    -0.007   -32.375    -0.000   -10.297
C-G     -0.124    -0.169     0.052    -0.150     8.293     1.295     2.553     0.000     3.377     5.908     0.000   -51.597
G-C      0.125    -0.169     0.052     0.150     8.293     1.286   -37.739     0.001    -0.006   -32.367    -0.001   -10.298
C-G     -0.125    -0.169     0.052    -0.150     8.293     1.286     2.552     0.000     3.377     5.906     0.000   -51.605
G-C      0.124    -0.169     0.052     0.150     8.293     1.295   -37.739    -0.001    -0.006   -32.367     0.001   -10.298
C-G     -0.124    -0.169     0.052    -0.150     8.294     1.281     2.553    -0.000     3.377     5.908    -0.000   -51.597
G-C      0.124    -0.169     0.052     0.150     8.294     1.281   -37.745     0.000    -0.007   -32.375     0.000   -10.297
C-G     -0.124    -0.169     0.052    -0.150     8.293     1.295     2.553     0.000     3.377     5.908     0.000   -51.597
G-C      0.125    -0.169     0.052     0.150     8.293     1.286   -37.739     0.001    -0.006   -32.367    -0.001   -10.298
C-G     -0.125    -0.169     0.052    -0.150     8.293     1.286     2.552    -0.000     3.377     5.906    -0.000   -51.605
