  20 # base-pairs
   0 # ***local base-pair & step parameters***
#        Shear    Stretch   Stagger   Buckle   Prop-Tw   Opening     Shift     Slide     Rise      Tilt      Roll      Twist
G-C      0.125    -0.169     0.052     0.150     8.293     1.286     0.000     0.000     0.000     0.000     0.000     0.000
C-G     -0.125    -0.169     0.052    -0.150     8.293     1.286    -0.000    -1.899     3.568     0.000    -5.134   -51.366
G-C      0.124    -0.169     0.052     0.150     8.293     1.295    -0.000     5.732     3.611     0.000     5.508    -8.705
C-G     -0.124    -0.169     0.052    -0.150     8.294     1.281    -0.000    -1.899     3.568    -0.000    -5.135   -51.358
G-C      0.124    -0.169     0.052     0.150     8.294     1.281     0.000     5.732     3.611     0.000     5.508    -8.703
C-G     -0.124    -0.169     0.052    -0.150     8.293     1.295     0.000    -1.899     3.568     0.000    -5.135   -51.358
G-C      0.125    -0.169     0.052     0.150     8.293     1.286     0.000     5.732     3.611    -0.000     5.508    -8.705
C-G     -0.125    -0.169     0.052    -0.150     8.293     1.286     0.000    -1.899     3.568    -0.000    -5.134   -51.366
G-C      0.124    -0.169     0.052     0.150     8.293     1.295    -0.000     5.732     3.611     0.000     5.508    -8.705
C-G     -0.124    -0.169     0.052    -0.150     8.294     1.281    -0.000    -1.899     3.568    -0.000    -5.135   -51.358
G-C      0.124    -0.169     0.052     0.150     8.294     1.281     0.000     5.732     3.611    -0.000     5.508    -8.703
C-G     -0.124    -0.169     0.052    -0.150     8.293     1.295     0.000    -1.899     3.568     0.000    -5.135   -51.358
G-C      0.125    -0.169     0.052     0.150     8.293     1.286     0.000     5.732     3.611    -0.000     5.508    -8.705
C-G     -0.125    -0.169     0.052    -0.150     8.293     1.286    -0.000    -1.899     3.568     0.000    -5.134   -51.366
G-C      0.124    -0.169     0.052     0.150     8.293     1.295    -0.000     5.732     3.611     0.000     5.508    -8.705
C-G     -0.124    -0.169     0.052    -0.150     8.294     1.281    -0.000    -1.899     3.568    -0.000    -5.135   -51.358
G-C      0.124    -0.169     0.052     0.150     8.294     1.281     0.000     5.732     3.611     0.000     5.508    -8.703
C-G     -0.124    -0.169     0.052    -0.150     8.293     1.295     0.000    -1.899     3.568     0.000    -5.135   -51.358
G-C      0.125    -0.169     0.052     0.150     8.293     1.286     0.000     5.732     3.611    -0.000     5.508    -8.705
C-G     -0.125    -0.169     0.052    -0.150     8.293     1.286     0.000    -1.899     3.568    -0.000    -5.134   -51.366
