****************************************************************************
CEHS base-pair parameters
     bp        Shear    Stretch   Stagger    Buckle  Propeller  Opening
    1 G-C       0.12     -0.17      0.05      0.15      8.29      1.28
    2 C-G      -0.12     -0.17      0.05     -0.15      8.29      1.28
    3 G-C       0.12     -0.17      0.05      0.15      8.29      1.29
    4 C-G      -0.12     -0.17      0.05     -0.15      8.29      1.28
    5 G-C       0.12     -0.17      0.05      0.15      8.29      1.28
    6 C-G      -0.12     -0.17      0.05     -0.15      8.29      1.29
    7 G-C       0.12     -0.17      0.05      0.15      8.29      1.28
    8 C-G      -0.12     -0.17      0.05     -0.15      8.29      1.28
    9 G-C       0.12     -0.17      0.05      0.15      8.29      1.29
   10 C-G      -0.12     -0.17      0.05     -0.15      8.29      1.28
   11 G-C       0.12     -0.17      0.05      0.15      8.29      1.28
   12 C-G      -0.12     -0.17      0.05     -0.15      8.29      1.29
   13 G-C       0.12     -0.17      0.05      0.15      8.29      1.28
   14 C-G      -0.12     -0.17      0.05     -0.15      8.29      1.28
   15 G-C       0.12     -0.17      0.05      0.15      8.29      1.29
   16 C-G      -0.12     -0.17      0.05     -0.15      8.29      1.28
   17 G-C       0.12     -0.17      0.05      0.15      8.29      1.28
   18 C-G      -0.12     -0.17      0.05     -0.15      8.29      1.29
   19 G-C       0.12     -0.17      0.05      0.15      8.29      1.28
   20 C-G      -0.12     -0.17      0.05     -0.15      8.29      1.28
          ~~~~~~~~~~~~~~~~~~~~~~~~~~~~~~~~~~~~~~~~~~~~~~~~~~~~~~~~~~~~
      ave.     -0.00     -0.17      0.05     -0.00      8.29      1.28
      s.d.      0.13      0.00      0.00      0.15      0.00      0.01
****************************************************************************
CEHS base-pair step parameters
    step       Shift     Slide      Rise      Tilt      Roll     Twist
   1 GC/GC     -0.00     -1.90      3.57      0.00     -5.17    -51.36
   2 CG/CG     -0.00      5.73      3.61      0.00      5.50     -8.72
   3 GC/GC     -0.00     -1.90      3.57     -0.00     -5.17    -51.35
   4 CG/CG      0.00      5.73      3.61      0.00      5.50     -8.71
   5 GC/GC      0.00     -1.90      3.57      0.00     -5.17    -51.35
   6 CG/CG      0.00      5.73      3.61     -0.00      5.50     -8.72
   7 GC/GC      0.00     -1.90      3.57     -0.00     -5.17    -51.36
   8 CG/CG     -0.00      5.73      3.61      0.00      5.50     -8.72
   9 GC/GC     -0.00     -1.90      3.57     -0.00     -5.17    -51.35
  10 CG/CG      0.00      5.73      3.61     -0.00      5.50     -8.71
  11 GC/GC      0.00     -1.90      3.57      0.00     -5.17    -51.35
  12 CG/CG      0.00      5.73      3.61     -0.00      5.50     -8.72
  13 GC/GC     -0.00     -1.90      3.57      0.00     -5.17    -51.36
  14 CG/CG     -0.00      5.73      3.61      0.00      5.50     -8.72
  15 GC/GC     -0.00     -1.90      3.57     -0.00     -5.17    -51.35
  16 CG/CG      0.00      5.73      3.61      0.00      5.50     -8.71
  17 GC/GC      0.00     -1.90      3.57      0.00     -5.17    -51.35
  18 CG/CG      0.00      5.73      3.61     -0.00      5.50     -8.72
  19 GC/GC      0.00     -1.90      3.57     -0.00     -5.17    -51.36
          ~~~~~~~~~~~~~~~~~~~~~~~~~~~~~~~~~~~~~~~~~~~~~~~~~~~~~~~~~~~~
      ave.     -0.00      1.72      3.59     -0.00     -0.12    -31.16
      s.d.      0.00      3.91      0.02      0.00      5.48     21.87
****************************************************************************
CompDNA base-pair parameters
     bp        Shear    Stretch   Stagger    Buckle  Propeller  Opening
    1 G-C       0.12     -0.17      0.05      0.15      8.29      1.28
    2 C-G      -0.12     -0.17      0.05     -0.15      8.29      1.28
    3 G-C       0.12     -0.17      0.05      0.15      8.29      1.29
    4 C-G      -0.12     -0.17      0.05     -0.15      8.29      1.28
    5 G-C       0.12     -0.17      0.05      0.15      8.29      1.28
    6 C-G      -0.12     -0.17      0.05     -0.15      8.29      1.29
    7 G-C       0.12     -0.17      0.05      0.15      8.29      1.28
    8 C-G      -0.12     -0.17      0.05     -0.15      8.29      1.28
    9 G-C       0.12     -0.17      0.05      0.15      8.29      1.29
   10 C-G      -0.12     -0.17      0.05     -0.15      8.29      1.28
   11 G-C       0.12     -0.17      0.05      0.15      8.29      1.28
   12 C-G      -0.12     -0.17      0.05     -0.15      8.29      1.29
   13 G-C       0.12     -0.17      0.05      0.15      8.29      1.28
   14 C-G      -0.12     -0.17      0.05     -0.15      8.29      1.28
   15 G-C       0.12     -0.17      0.05      0.15      8.29      1.29
   16 C-G      -0.12     -0.17      0.05     -0.15      8.29      1.28
   17 G-C       0.12     -0.17      0.05      0.15      8.29      1.28
   18 C-G      -0.12     -0.17      0.05     -0.15      8.29      1.29
   19 G-C       0.12     -0.17      0.05      0.15      8.29      1.28
   20 C-G      -0.12     -0.17      0.05     -0.15      8.29      1.28
          ~~~~~~~~~~~~~~~~~~~~~~~~~~~~~~~~~~~~~~~~~~~~~~~~~~~~~~~~~~~~
      ave.     -0.00     -0.17      0.05     -0.00      8.29      1.28
      s.d.      0.13      0.00      0.00      0.15      0.00      0.01
****************************************************************************
CompDNA base-pair step parameters
    step       Shift     Slide      Rise      Tilt      Roll     Twist
   1 GC/GC     -0.00     -1.90      3.57      0.00     -5.13    -51.32
   2 CG/CG     -0.00      5.73      3.61      0.00      5.51     -8.70
   3 GC/GC     -0.00     -1.90      3.57     -0.00     -5.13    -51.31
   4 CG/CG      0.00      5.73      3.61      0.00      5.51     -8.70
   5 GC/GC      0.00     -1.90      3.57      0.00     -5.13    -51.31
   6 CG/CG      0.00      5.73      3.61     -0.00      5.51     -8.70
   7 GC/GC      0.00     -1.90      3.57     -0.00     -5.13    -51.32
   8 CG/CG     -0.00      5.73      3.61      0.00      5.51     -8.70
   9 GC/GC     -0.00     -1.90      3.57     -0.00     -5.13    -51.31
  10 CG/CG      0.00      5.73      3.61     -0.00      5.51     -8.70
  11 GC/GC      0.00     -1.90      3.57      0.00     -5.13    -51.31
  12 CG/CG      0.00      5.73      3.61     -0.00      5.51     -8.70
  13 GC/GC     -0.00     -1.90      3.57      0.00     -5.13    -51.32
  14 CG/CG     -0.00      5.73      3.61      0.00      5.51     -8.70
  15 GC/GC     -0.00     -1.90      3.57     -0.00     -5.13    -51.31
  16 CG/CG      0.00      5.73      3.61      0.00      5.51     -8.70
  17 GC/GC      0.00     -1.90      3.57      0.00     -5.13    -51.31
  18 CG/CG      0.00      5.73      3.61     -0.00      5.51     -8.70
  19 GC/GC      0.00     -1.90      3.57     -0.00     -5.13    -51.32
          ~~~~~~~~~~~~~~~~~~~~~~~~~~~~~~~~~~~~~~~~~~~~~~~~~~~~~~~~~~~~
      ave.     -0.00      1.72      3.59      0.00     -0.09    -31.13
      s.d.      0.00      3.91      0.02      0.00      5.46     21.86
****************************************************************************
Curves base-pair parameters (by Xiang-Jun Lu)
     bp        Shear    Stretch   Stagger    Buckle  Propeller  Opening
    1 G-C       0.12     -0.17      0.05      0.15      8.29      1.29
    2 C-G      -0.12     -0.17      0.05     -0.15      8.29      1.29
    3 G-C       0.12     -0.17      0.05      0.15      8.29      1.30
    4 C-G      -0.12     -0.17      0.05     -0.15      8.29      1.28
    5 G-C       0.12     -0.17      0.05      0.15      8.29      1.28
    6 C-G      -0.12     -0.17      0.05     -0.15      8.29      1.30
    7 G-C       0.12     -0.17      0.05      0.15      8.29      1.29
    8 C-G      -0.12     -0.17      0.05     -0.15      8.29      1.29
    9 G-C       0.12     -0.17      0.05      0.15      8.29      1.30
   10 C-G      -0.12     -0.17      0.05     -0.15      8.29      1.28
   11 G-C       0.12     -0.17      0.05      0.15      8.29      1.28
   12 C-G      -0.12     -0.17      0.05     -0.15      8.29      1.30
   13 G-C       0.12     -0.17      0.05      0.15      8.29      1.29
   14 C-G      -0.12     -0.17      0.05     -0.15      8.29      1.29
   15 G-C       0.12     -0.17      0.05      0.15      8.29      1.30
   16 C-G      -0.12     -0.17      0.05     -0.15      8.29      1.28
   17 G-C       0.12     -0.17      0.05      0.15      8.29      1.28
   18 C-G      -0.12     -0.17      0.05     -0.15      8.29      1.30
   19 G-C       0.12     -0.17      0.05      0.15      8.29      1.29
   20 C-G      -0.12     -0.17      0.05     -0.15      8.29      1.29
          ~~~~~~~~~~~~~~~~~~~~~~~~~~~~~~~~~~~~~~~~~~~~~~~~~~~~~~~~~~~~
      ave.     -0.00     -0.17      0.05     -0.00      8.29      1.29
      s.d.      0.13      0.00      0.00      0.15      0.00      0.01
****************************************************************************
Curves base-pair step parameters
    step       Shift     Slide      Rise      Tilt      Roll     Twist
   1 GC/GC     -0.00     -1.90      3.57      0.00     -5.13    -51.37
   2 CG/CG     -0.00      5.73      3.61      0.00      5.51     -8.70
   3 GC/GC     -0.00     -1.90      3.57     -0.00     -5.13    -51.36
   4 CG/CG      0.00      5.73      3.61      0.00      5.51     -8.70
   5 GC/GC      0.00     -1.90      3.57      0.00     -5.13    -51.36
   6 CG/CG      0.00      5.73      3.61     -0.00      5.51     -8.70
   7 GC/GC      0.00     -1.90      3.57     -0.00     -5.13    -51.37
   8 CG/CG     -0.00      5.73      3.61      0.00      5.51     -8.70
   9 GC/GC     -0.00     -1.90      3.57     -0.00     -5.13    -51.36
  10 CG/CG      0.00      5.73      3.61     -0.00      5.51     -8.70
  11 GC/GC      0.00     -1.90      3.57      0.00     -5.13    -51.36
  12 CG/CG      0.00      5.73      3.61     -0.00      5.51     -8.70
  13 GC/GC     -0.00     -1.90      3.57      0.00     -5.13    -51.37
  14 CG/CG     -0.00      5.73      3.61      0.00      5.51     -8.70
  15 GC/GC     -0.00     -1.90      3.57     -0.00     -5.13    -51.36
  16 CG/CG      0.00      5.73      3.61      0.00      5.51     -8.70
  17 GC/GC      0.00     -1.90      3.57      0.00     -5.13    -51.36
  18 CG/CG      0.00      5.73      3.61     -0.00      5.51     -8.70
  19 GC/GC      0.00     -1.90      3.57     -0.00     -5.13    -51.37
          ~~~~~~~~~~~~~~~~~~~~~~~~~~~~~~~~~~~~~~~~~~~~~~~~~~~~~~~~~~~~
      ave.     -0.00      1.72      3.59     -0.00     -0.09    -31.16
      s.d.      0.00      3.91      0.02      0.00      5.46     21.89
****************************************************************************
FreeHelix base-pair parameters (by Xiang-Jun Lu)
     bp        Shear    Stretch   Stagger    Buckle  Propeller  Opening
    1 G-C       0.12     -0.17      0.05      0.15      8.29      1.28
    2 C-G      -0.12     -0.17      0.05     -0.15      8.29      1.28
    3 G-C       0.12     -0.17      0.05      0.15      8.29      1.29
    4 C-G      -0.12     -0.17      0.05     -0.15      8.29      1.28
    5 G-C       0.12     -0.17      0.05      0.15      8.29      1.28
    6 C-G      -0.12     -0.17      0.05     -0.15      8.29      1.29
    7 G-C       0.12     -0.17      0.05      0.15      8.29      1.28
    8 C-G      -0.12     -0.17      0.05     -0.15      8.29      1.28
    9 G-C       0.12     -0.17      0.05      0.15      8.29      1.29
   10 C-G      -0.12     -0.17      0.05     -0.15      8.29      1.28
   11 G-C       0.12     -0.17      0.05      0.15      8.29      1.28
   12 C-G      -0.12     -0.17      0.05     -0.15      8.29      1.29
   13 G-C       0.12     -0.17      0.05      0.15      8.29      1.28
   14 C-G      -0.12     -0.17      0.05     -0.15      8.29      1.28
   15 G-C       0.12     -0.17      0.05      0.15      8.29      1.29
   16 C-G      -0.12     -0.17      0.05     -0.15      8.29      1.28
   17 G-C       0.12     -0.17      0.05      0.15      8.29      1.28
   18 C-G      -0.12     -0.17      0.05     -0.15      8.29      1.29
   19 G-C       0.12     -0.17      0.05      0.15      8.29      1.28
   20 C-G      -0.12     -0.17      0.05     -0.15      8.29      1.28
          ~~~~~~~~~~~~~~~~~~~~~~~~~~~~~~~~~~~~~~~~~~~~~~~~~~~~~~~~~~~~
      ave.     -0.00     -0.17      0.05     -0.00      8.29      1.28
      s.d.      0.13      0.00      0.00      0.15      0.00      0.01
****************************************************************************
FreeHelix base-pair step parameters
    step       Shift     Slide      Rise      Tilt      Roll     Twist
   1 GC/GC     -0.00     -1.90      3.57      0.00     -5.13    -51.32
   2 CG/CG     -0.00      5.73      3.61      0.00      5.51     -8.70
   3 GC/GC     -0.00     -1.90      3.57     -0.00     -5.13    -51.31
   4 CG/CG      0.00      5.73      3.61      0.00      5.51     -8.70
   5 GC/GC      0.00     -1.90      3.57      0.00     -5.13    -51.31
   6 CG/CG      0.00      5.73      3.61     -0.00      5.51     -8.70
   7 GC/GC      0.00     -1.90      3.57     -0.00     -5.13    -51.32
   8 CG/CG     -0.00      5.73      3.61      0.00      5.51     -8.70
   9 GC/GC     -0.00     -1.90      3.57     -0.00     -5.13    -51.31
  10 CG/CG      0.00      5.73      3.61     -0.00      5.51     -8.70
  11 GC/GC      0.00     -1.90      3.57      0.00     -5.13    -51.31
  12 CG/CG      0.00      5.73      3.61     -0.00      5.51     -8.70
  13 GC/GC     -0.00     -1.90      3.57      0.00     -5.13    -51.32
  14 CG/CG     -0.00      5.73      3.61      0.00      5.51     -8.70
  15 GC/GC     -0.00     -1.90      3.57     -0.00     -5.13    -51.31
  16 CG/CG      0.00      5.73      3.61      0.00      5.51     -8.70
  17 GC/GC      0.00     -1.90      3.57      0.00     -5.13    -51.31
  18 CG/CG      0.00      5.73      3.61     -0.00      5.51     -8.70
  19 GC/GC      0.00     -1.90      3.57     -0.00     -5.13    -51.32
          ~~~~~~~~~~~~~~~~~~~~~~~~~~~~~~~~~~~~~~~~~~~~~~~~~~~~~~~~~~~~
      ave.     -0.00      1.72      3.59     -0.00     -0.09    -31.13
      s.d.      0.00      3.91      0.02      0.00      5.46     21.86
****************************************************************************
NGEOM base-pair parameters
     bp        Shear    Stretch   Stagger    Buckle  Propeller  Opening
    1 G-C       0.12     -0.17      0.05      0.15      8.29      1.29
    2 C-G      -0.12     -0.17      0.05     -0.15      8.29      1.29
    3 G-C       0.12     -0.17      0.05      0.15      8.29      1.30
    4 C-G      -0.12     -0.17      0.05     -0.15      8.29      1.28
    5 G-C       0.12     -0.17      0.05      0.15      8.29      1.28
    6 C-G      -0.12     -0.17      0.05     -0.15      8.29      1.30
    7 G-C       0.12     -0.17      0.05      0.15      8.29      1.29
    8 C-G      -0.12     -0.17      0.05     -0.15      8.29      1.29
    9 G-C       0.12     -0.17      0.05      0.15      8.29      1.30
   10 C-G      -0.12     -0.17      0.05     -0.15      8.29      1.28
   11 G-C       0.12     -0.17      0.05      0.15      8.29      1.28
   12 C-G      -0.12     -0.17      0.05     -0.15      8.29      1.30
   13 G-C       0.12     -0.17      0.05      0.15      8.29      1.29
   14 C-G      -0.12     -0.17      0.05     -0.15      8.29      1.29
   15 G-C       0.12     -0.17      0.05      0.15      8.29      1.30
   16 C-G      -0.12     -0.17      0.05     -0.15      8.29      1.28
   17 G-C       0.12     -0.17      0.05      0.15      8.29      1.28
   18 C-G      -0.12     -0.17      0.05     -0.15      8.29      1.30
   19 G-C       0.12     -0.17      0.05      0.15      8.29      1.29
   20 C-G      -0.12     -0.17      0.05     -0.15      8.29      1.29
          ~~~~~~~~~~~~~~~~~~~~~~~~~~~~~~~~~~~~~~~~~~~~~~~~~~~~~~~~~~~~
      ave.     -0.00     -0.17      0.05     -0.00      8.29      1.29
      s.d.      0.13      0.00      0.00      0.15      0.00      0.01
****************************************************************************
NGEOM base-pair step parameters
    step       Shift     Slide      Rise      Tilt      Roll     Twist
   1 GC/GC     -0.00     -1.86      3.59      0.00     -5.13    -51.37
   2 CG/CG     -0.00      5.73      3.62      0.00      5.51     -8.71
   3 GC/GC     -0.00     -1.86      3.59     -0.00     -5.13    -51.36
   4 CG/CG      0.00      5.73      3.62      0.00      5.51     -8.70
   5 GC/GC      0.00     -1.86      3.59      0.00     -5.13    -51.36
   6 CG/CG      0.00      5.73      3.62     -0.00      5.51     -8.71
   7 GC/GC      0.00     -1.86      3.59     -0.00     -5.13    -51.37
   8 CG/CG     -0.00      5.73      3.62      0.00      5.51     -8.71
   9 GC/GC     -0.00     -1.86      3.59     -0.00     -5.13    -51.36
  10 CG/CG      0.00      5.73      3.62     -0.00      5.51     -8.70
  11 GC/GC      0.00     -1.86      3.59      0.00     -5.13    -51.36
  12 CG/CG      0.00      5.73      3.62     -0.00      5.51     -8.71
  13 GC/GC     -0.00     -1.86      3.59      0.00     -5.13    -51.37
  14 CG/CG     -0.00      5.73      3.62      0.00      5.51     -8.71
  15 GC/GC     -0.00     -1.86      3.59     -0.00     -5.13    -51.36
  16 CG/CG      0.00      5.73      3.62      0.00      5.51     -8.70
  17 GC/GC      0.00     -1.86      3.59      0.00     -5.13    -51.36
  18 CG/CG      0.00      5.73      3.62     -0.00      5.51     -8.71
  19 GC/GC      0.00     -1.86      3.59     -0.00     -5.13    -51.37
          ~~~~~~~~~~~~~~~~~~~~~~~~~~~~~~~~~~~~~~~~~~~~~~~~~~~~~~~~~~~~
      ave.     -0.00      1.73      3.60     -0.00     -0.09    -31.16
      s.d.      0.00      3.89      0.02      0.00      5.46     21.88
****************************************************************************
NUPARM base-pair parameters
     bp        Shear    Stretch   Stagger    Buckle  Propeller  Opening
    1 G-C       0.12     -0.17      0.05      0.15      8.29      1.28
    2 C-G      -0.12     -0.17      0.05     -0.15      8.29      1.28
    3 G-C       0.12     -0.17      0.05      0.15      8.29      1.29
    4 C-G      -0.12     -0.17      0.05     -0.15      8.29      1.28
    5 G-C       0.12     -0.17      0.05      0.15      8.29      1.28
    6 C-G      -0.12     -0.17      0.05     -0.15      8.29      1.29
    7 G-C       0.12     -0.17      0.05      0.15      8.29      1.28
    8 C-G      -0.12     -0.17      0.05     -0.15      8.29      1.28
    9 G-C       0.12     -0.17      0.05      0.15      8.29      1.29
   10 C-G      -0.12     -0.17      0.05     -0.15      8.29      1.28
   11 G-C       0.12     -0.17      0.05      0.15      8.29      1.28
   12 C-G      -0.12     -0.17      0.05     -0.15      8.29      1.29
   13 G-C       0.12     -0.17      0.05      0.15      8.29      1.28
   14 C-G      -0.12     -0.17      0.05     -0.15      8.29      1.28
   15 G-C       0.12     -0.17      0.05      0.15      8.29      1.29
   16 C-G      -0.12     -0.17      0.05     -0.15      8.29      1.28
   17 G-C       0.12     -0.17      0.05      0.15      8.29      1.28
   18 C-G      -0.12     -0.17      0.05     -0.15      8.29      1.29
   19 G-C       0.12     -0.17      0.05      0.15      8.29      1.28
   20 C-G      -0.12     -0.17      0.05     -0.15      8.29      1.28
          ~~~~~~~~~~~~~~~~~~~~~~~~~~~~~~~~~~~~~~~~~~~~~~~~~~~~~~~~~~~~
      ave.     -0.00     -0.17      0.05     -0.00      8.29      1.28
      s.d.      0.13      0.00      0.00      0.15      0.00      0.01
****************************************************************************
NUPARM base-pair step parameters
    step       Shift     Slide      Rise      Tilt      Roll     Twist
   1 GC/GC     -0.00     -1.82      3.61      0.00     -5.74    -51.30
   2 CG/CG     -0.00      5.72      3.63      0.00      5.51     -8.70
   3 GC/GC     -0.00     -1.82      3.61     -0.00     -5.74    -51.29
   4 CG/CG      0.00      5.72      3.63      0.00      5.52     -8.70
   5 GC/GC      0.00     -1.82      3.61      0.00     -5.74    -51.29
   6 CG/CG      0.00      5.72      3.63     -0.00      5.51     -8.70
   7 GC/GC      0.00     -1.82      3.61     -0.00     -5.74    -51.30
   8 CG/CG     -0.00      5.72      3.63      0.00      5.51     -8.70
   9 GC/GC     -0.00     -1.82      3.61     -0.00     -5.74    -51.29
  10 CG/CG      0.00      5.72      3.63     -0.00      5.52     -8.70
  11 GC/GC      0.00     -1.82      3.61      0.00     -5.74    -51.29
  12 CG/CG      0.00      5.72      3.63     -0.00      5.51     -8.70
  13 GC/GC     -0.00     -1.82      3.61      0.00     -5.74    -51.30
  14 CG/CG     -0.00      5.72      3.63      0.00      5.51     -8.70
  15 GC/GC     -0.00     -1.82      3.61     -0.00     -5.74    -51.29
  16 CG/CG      0.00      5.72      3.63      0.00      5.52     -8.70
  17 GC/GC      0.00     -1.82      3.61      0.00     -5.74    -51.29
  18 CG/CG      0.00      5.72      3.63     -0.00      5.51     -8.70
  19 GC/GC      0.00     -1.82      3.61     -0.00     -5.74    -51.30
          ~~~~~~~~~~~~~~~~~~~~~~~~~~~~~~~~~~~~~~~~~~~~~~~~~~~~~~~~~~~~
      ave.     -0.00      1.75      3.62      0.00     -0.41    -31.12
      s.d.      0.00      3.87      0.01      0.00      5.77     21.85
****************************************************************************
NUPARM base-pair helical parameters
    step       X-disp    Y-disp   h-Rise     Incl.       Tip   h-Twist
   1 GC/GC      2.56      0.00      3.38      5.95      0.00    -51.60
   2 CG/CG    -44.61     -0.00      0.00    -32.33      0.00    -10.31
   3 GC/GC      2.56     -0.00      3.38      5.95     -0.00    -51.59
   4 CG/CG    -44.63      0.00      0.00    -32.34      0.00    -10.30
   5 GC/GC      2.56      0.00      3.38      5.95      0.00    -51.59
   6 CG/CG    -44.61      0.00      0.00    -32.33     -0.00    -10.31
   7 GC/GC      2.56     -0.00      3.38      5.95     -0.00    -51.60
   8 CG/CG    -44.61     -0.00      0.00    -32.33      0.00    -10.31
   9 GC/GC      2.56     -0.00      3.38      5.95     -0.00    -51.59
  10 CG/CG    -44.63      0.00      0.00    -32.34     -0.00    -10.30
  11 GC/GC      2.56      0.00      3.38      5.95      0.00    -51.59
  12 CG/CG    -44.61      0.00      0.00    -32.33     -0.00    -10.31
  13 GC/GC      2.56      0.00      3.38      5.95      0.00    -51.60
  14 CG/CG    -44.61     -0.00      0.00    -32.33      0.00    -10.31
  15 GC/GC      2.56     -0.00      3.38      5.95     -0.00    -51.59
  16 CG/CG    -44.63      0.00      0.00    -32.34      0.00    -10.30
  17 GC/GC      2.56      0.00      3.38      5.95      0.00    -51.59
  18 CG/CG    -44.61      0.00      0.00    -32.33     -0.00    -10.31
  19 GC/GC      2.56     -0.00      3.38      5.95     -0.00    -51.60
          ~~~~~~~~~~~~~~~~~~~~~~~~~~~~~~~~~~~~~~~~~~~~~~~~~~~~~~~~~~~~
      ave.    -19.79     -0.00      1.78    -12.18     -0.00    -32.04
      s.d.     24.20      0.00      1.73     19.64      0.00     21.18
****************************************************************************
RNA base-pair parameters
     bp        Shear    Stretch   Stagger    Buckle  Propeller  Opening
    1 G-C       0.12     -0.17      0.05      0.15      8.29      1.28
    2 C-G      -0.12     -0.17      0.05     -0.15      8.29      1.28
    3 G-C       0.12     -0.17      0.05      0.15      8.29      1.29
    4 C-G      -0.12     -0.17      0.05     -0.15      8.29      1.28
    5 G-C       0.12     -0.17      0.05      0.15      8.29      1.28
    6 C-G      -0.12     -0.17      0.05     -0.15      8.29      1.29
    7 G-C       0.12     -0.17      0.05      0.15      8.29      1.28
    8 C-G      -0.12     -0.17      0.05     -0.15      8.29      1.28
    9 G-C       0.12     -0.17      0.05      0.15      8.29      1.29
   10 C-G      -0.12     -0.17      0.05     -0.15      8.29      1.28
   11 G-C       0.12     -0.17      0.05      0.15      8.29      1.28
   12 C-G      -0.12     -0.17      0.05     -0.15      8.29      1.29
   13 G-C       0.12     -0.17      0.05      0.15      8.29      1.28
   14 C-G      -0.12     -0.17      0.05     -0.15      8.29      1.28
   15 G-C       0.12     -0.17      0.05      0.15      8.29      1.29
   16 C-G      -0.12     -0.17      0.05     -0.15      8.29      1.28
   17 G-C       0.12     -0.17      0.05      0.15      8.29      1.28
   18 C-G      -0.12     -0.17      0.05     -0.15      8.29      1.29
   19 G-C       0.12     -0.17      0.05      0.15      8.29      1.28
   20 C-G      -0.12     -0.17      0.05     -0.15      8.29      1.28
          ~~~~~~~~~~~~~~~~~~~~~~~~~~~~~~~~~~~~~~~~~~~~~~~~~~~~~~~~~~~~
      ave.     -0.00     -0.17      0.05     -0.00      8.29      1.28
      s.d.      0.13      0.00      0.00      0.15      0.00      0.01
****************************************************************************
RNA base-pair step parameters
    step       Shift     Slide      Rise      Tilt      Roll     Twist
   1 GC/GC     -0.00     -1.84      3.58      0.00     -5.33    -51.33
   2 CG/CG     -0.00      5.73      3.63      0.00      5.51     -8.70
   3 GC/GC     -0.00     -1.84      3.58     -0.00     -5.33    -51.32
   4 CG/CG      0.00      5.73      3.63      0.00      5.51     -8.70
   5 GC/GC      0.00     -1.84      3.58      0.00     -5.33    -51.32
   6 CG/CG      0.00      5.73      3.63     -0.00      5.51     -8.70
   7 GC/GC      0.00     -1.84      3.58     -0.00     -5.33    -51.33
   8 CG/CG     -0.00      5.73      3.63      0.00      5.51     -8.70
   9 GC/GC     -0.00     -1.84      3.58     -0.00     -5.33    -51.32
  10 CG/CG      0.00      5.73      3.63     -0.00      5.51     -8.70
  11 GC/GC      0.00     -1.84      3.58      0.00     -5.33    -51.32
  12 CG/CG      0.00      5.73      3.63     -0.00      5.51     -8.70
  13 GC/GC     -0.00     -1.84      3.58      0.00     -5.33    -51.33
  14 CG/CG     -0.00      5.73      3.63      0.00      5.51     -8.70
  15 GC/GC     -0.00     -1.84      3.58     -0.00     -5.33    -51.32
  16 CG/CG      0.00      5.73      3.63      0.00      5.51     -8.70
  17 GC/GC      0.00     -1.84      3.58      0.00     -5.33    -51.32
  18 CG/CG      0.00      5.73      3.63     -0.00      5.51     -8.70
  19 GC/GC      0.00     -1.84      3.58     -0.00     -5.33    -51.33
          ~~~~~~~~~~~~~~~~~~~~~~~~~~~~~~~~~~~~~~~~~~~~~~~~~~~~~~~~~~~~
      ave.     -0.00      1.74      3.60      0.00     -0.20    -31.13
      s.d.      0.00      3.89      0.02      0.00      5.56     21.87
****************************************************************************
RNA base-pair helical parameters
    step       X-disp    Y-disp   h-Rise     Incl.       Tip   h-Twist
   1 GC/GC      2.53      0.00      3.37      5.93      0.00    -51.60
   2 CG/CG    -37.77     -0.00     -0.00    -32.34      0.00    -10.30
   3 GC/GC      2.53     -0.00      3.37      5.93     -0.00    -51.60
   4 CG/CG    -37.78      0.00     -0.00    -32.35      0.00    -10.30
   5 GC/GC      2.53      0.00      3.37      5.93      0.00    -51.60
   6 CG/CG    -37.77      0.00     -0.00    -32.34     -0.00    -10.30
   7 GC/GC      2.53     -0.00      3.37      5.93     -0.00    -51.60
   8 CG/CG    -37.77     -0.00     -0.00    -32.34      0.00    -10.30
   9 GC/GC      2.53     -0.00      3.37      5.93     -0.00    -51.60
  10 CG/CG    -37.78     -0.00     -0.00    -32.35     -0.00    -10.30
  11 GC/GC      2.53      0.00      3.37      5.93      0.00    -51.60
  12 CG/CG    -37.77      0.00     -0.00    -32.34     -0.00    -10.30
  13 GC/GC      2.53      0.00      3.37      5.93      0.00    -51.60
  14 CG/CG    -37.77     -0.00     -0.00    -32.34      0.00    -10.30
  15 GC/GC      2.53     -0.00      3.37      5.93     -0.00    -51.60
  16 CG/CG    -37.78      0.00     -0.00    -32.35      0.00    -10.30
  17 GC/GC      2.53      0.00      3.37      5.93      0.00    -51.60
  18 CG/CG    -37.77      0.00     -0.00    -32.34     -0.00    -10.30
  19 GC/GC      2.53     -0.00      3.37      5.93     -0.00    -51.60
          ~~~~~~~~~~~~~~~~~~~~~~~~~~~~~~~~~~~~~~~~~~~~~~~~~~~~~~~~~~~~
      ave.    -16.56     -0.00      1.77    -12.20     -0.00    -32.04
      s.d.     20.68      0.00      1.73     19.63      0.00     21.19
****************************************************************************
Strand I base step parameters
    step       Shift     Slide      Rise      Tilt      Roll     Twist
   1  G/C       1.09     -1.86      3.67      3.51     -5.35    -51.20
   2  C/G       0.19      5.73      3.65      0.84      5.50     -8.67
   3  G/C       1.09     -1.86      3.67      3.51     -5.35    -51.20
   4  C/G       0.19      5.73      3.65      0.84      5.50     -8.67
   5  G/C       1.09     -1.86      3.67      3.51     -5.35    -51.19
   6  C/G       0.19      5.73      3.65      0.84      5.50     -8.68
   7  G/C       1.09     -1.86      3.67      3.51     -5.35    -51.20
   8  C/G       0.19      5.73      3.65      0.84      5.50     -8.67
   9  G/C       1.09     -1.86      3.67      3.51     -5.35    -51.20
  10  C/G       0.19      5.73      3.65      0.84      5.50     -8.67
  11  G/C       1.09     -1.86      3.67      3.51     -5.35    -51.19
  12  C/G       0.19      5.73      3.65      0.84      5.50     -8.68
  13  G/C       1.09     -1.86      3.67      3.51     -5.35    -51.20
  14  C/G       0.19      5.73      3.65      0.84      5.50     -8.67
  15  G/C       1.09     -1.86      3.67      3.51     -5.35    -51.20
  16  C/G       0.19      5.73      3.65      0.84      5.50     -8.67
  17  G/C       1.09     -1.86      3.67      3.51     -5.35    -51.19
  18  C/G       0.19      5.73      3.65      0.84      5.50     -8.68
  19  G/C       1.09     -1.86      3.67      3.51     -5.35    -51.20
          ~~~~~~~~~~~~~~~~~~~~~~~~~~~~~~~~~~~~~~~~~~~~~~~~~~~~~~~~~~~~
      ave.      0.66      1.73      3.66      2.25     -0.21    -31.05
      s.d.      0.46      3.89      0.01      1.37      5.57     21.82
****************************************************************************
Strand I base helical parameters
    step       X-disp    Y-disp   h-Rise     Incl.       Tip   h-Twist
   1  G/C       2.56     -0.28      3.38      5.96      3.91    -51.60
   2  C/G     -37.78      0.14     -0.01    -32.35      4.94    -10.30
   3  G/C       2.56     -0.28      3.38      5.96      3.91    -51.60
   4  C/G     -37.77      0.14     -0.01    -32.34      4.94    -10.30
   5  G/C       2.56     -0.27      3.38      5.96      3.91    -51.58
   6  C/G     -37.75      0.14     -0.00    -32.32      4.93    -10.31
   7  G/C       2.56     -0.28      3.38      5.96      3.91    -51.60
   8  C/G     -37.78      0.14     -0.01    -32.35      4.94    -10.30
   9  G/C       2.56     -0.28      3.38      5.96      3.91    -51.60
  10  C/G     -37.77      0.14     -0.01    -32.34      4.94    -10.30
  11  G/C       2.56     -0.27      3.38      5.96      3.91    -51.58
  12  C/G     -37.75      0.14     -0.00    -32.32      4.93    -10.31
  13  G/C       2.56     -0.28      3.38      5.96      3.91    -51.60
  14  C/G     -37.78      0.14     -0.01    -32.35      4.94    -10.30
  15  G/C       2.56     -0.28      3.38      5.96      3.91    -51.60
  16  C/G     -37.77      0.14     -0.01    -32.34      4.94    -10.30
  17  G/C       2.56     -0.27      3.38      5.96      3.91    -51.58
  18  C/G     -37.75      0.14     -0.00    -32.32      4.93    -10.31
  19  G/C       2.56     -0.28      3.38      5.96      3.91    -51.60
          ~~~~~~~~~~~~~~~~~~~~~~~~~~~~~~~~~~~~~~~~~~~~~~~~~~~~~~~~~~~~
      ave.    -16.54     -0.08      1.77    -12.18      4.40    -32.04
      s.d.     20.68      0.21      1.74     19.64      0.53     21.18
****************************************************************************
Strand II base step parameters
    step       Shift     Slide      Rise      Tilt      Roll     Twist
   1  C/G      -1.09     -1.86      3.67     -3.51     -5.35    -51.20
   2  G/C      -0.19      5.73      3.65     -0.84      5.50     -8.68
   3  C/G      -1.09     -1.86      3.67     -3.51     -5.35    -51.19
   4  G/C      -0.19      5.73      3.65     -0.84      5.50     -8.67
   5  C/G      -1.09     -1.86      3.67     -3.51     -5.35    -51.20
   6  G/C      -0.19      5.73      3.65     -0.84      5.50     -8.67
   7  C/G      -1.09     -1.86      3.67     -3.51     -5.35    -51.20
   8  G/C      -0.19      5.73      3.65     -0.84      5.50     -8.68
   9  C/G      -1.09     -1.86      3.67     -3.51     -5.35    -51.19
  10  G/C      -0.19      5.73      3.65     -0.84      5.50     -8.67
  11  C/G      -1.09     -1.86      3.67     -3.51     -5.35    -51.20
  12  G/C      -0.19      5.73      3.65     -0.84      5.50     -8.67
  13  C/G      -1.09     -1.86      3.67     -3.51     -5.35    -51.20
  14  G/C      -0.19      5.73      3.65     -0.84      5.50     -8.68
  15  C/G      -1.09     -1.86      3.67     -3.51     -5.35    -51.19
  16  G/C      -0.19      5.73      3.65     -0.84      5.50     -8.67
  17  C/G      -1.09     -1.86      3.67     -3.51     -5.35    -51.20
  18  G/C      -0.19      5.73      3.65     -0.84      5.50     -8.67
  19  C/G      -1.09     -1.86      3.67     -3.51     -5.35    -51.20
          ~~~~~~~~~~~~~~~~~~~~~~~~~~~~~~~~~~~~~~~~~~~~~~~~~~~~~~~~~~~~
      ave.     -0.66      1.73      3.66     -2.25     -0.21    -31.05
      s.d.      0.46      3.89      0.01      1.37      5.57     21.82
****************************************************************************
Strand II base helical parameters
    step       X-disp    Y-disp   h-Rise     Incl.       Tip   h-Twist
   1  C/G       2.56      0.28      3.38      5.96     -3.91    -51.60
   2  G/C     -37.75     -0.14     -0.00    -32.32     -4.93    -10.31
   3  C/G       2.56      0.27      3.38      5.96     -3.91    -51.58
   4  G/C     -37.77     -0.14     -0.01    -32.34     -4.94    -10.30
   5  C/G       2.56      0.28      3.38      5.96     -3.91    -51.60
   6  G/C     -37.78     -0.14     -0.01    -32.35     -4.94    -10.30
   7  C/G       2.56      0.28      3.38      5.96     -3.91    -51.60
   8  G/C     -37.75     -0.14     -0.00    -32.32     -4.93    -10.31
   9  C/G       2.56      0.27      3.38      5.96     -3.91    -51.58
  10  G/C     -37.77     -0.14     -0.01    -32.34     -4.94    -10.30
  11  C/G       2.56      0.28      3.38      5.96     -3.91    -51.60
  12  G/C     -37.78     -0.14     -0.01    -32.35     -4.94    -10.30
  13  C/G       2.56      0.28      3.38      5.96     -3.91    -51.60
  14  G/C     -37.75     -0.14     -0.00    -32.32     -4.93    -10.31
  15  C/G       2.56      0.27      3.38      5.96     -3.91    -51.58
  16  G/C     -37.77     -0.14     -0.01    -32.34     -4.94    -10.30
  17  C/G       2.56      0.28      3.38      5.96     -3.91    -51.60
  18  G/C     -37.78     -0.14     -0.01    -32.35     -4.94    -10.30
  19  C/G       2.56      0.28      3.38      5.96     -3.91    -51.60
          ~~~~~~~~~~~~~~~~~~~~~~~~~~~~~~~~~~~~~~~~~~~~~~~~~~~~~~~~~~~~
      ave.    -16.54      0.08      1.77    -12.18     -4.40    -32.04
      s.d.     20.68      0.21      1.74     19.64      0.53     21.18
