Reference frame: Origins (Ox, Oy, Oz) followed by the direction cosines of the
                 X- (Xx, Yx, Zx), Y- (Yx, Yx, Yx), and Z- (Zx, Zx, Zx) axes
*****************************************************************************************
Local base-pair reference frames
                Ox      Oy      Oz     Xx    Xy    Xz   Yx    Yy    Yz    Zx    Zy    Zz
   1 G-C       4.43   -0.03    0.02 -1.00 -0.02  0.01 -0.02  0.92 -0.38 -0.00 -0.38 -0.92
   2 A-T       3.77   -2.42   -2.55 -0.84  0.54  0.00  0.50  0.78 -0.38 -0.21 -0.32 -0.92
   3 T-A       1.86   -4.07   -5.09 -0.42  0.91 -0.00  0.84  0.38 -0.38 -0.35 -0.16 -0.92
   4 C-G      -0.60   -4.39   -7.66  0.16  0.99 -0.01  0.91 -0.15 -0.38 -0.38  0.05 -0.92
   5 G-C      -2.92   -3.34  -10.17  0.64  0.77  0.01  0.71 -0.59 -0.38 -0.29  0.25 -0.92
   6 A-T      -4.29   -1.28  -12.74  0.96  0.29  0.00  0.26 -0.88 -0.38 -0.11  0.37 -0.92
   7 T-A      -4.30    1.25  -15.29  0.96 -0.28 -0.00 -0.26 -0.89 -0.38  0.11  0.37 -0.92
   8 C-G      -2.93    3.32  -17.85  0.64 -0.76 -0.01 -0.71 -0.59 -0.38  0.29  0.25 -0.92
   9 G-C      -0.62    4.39  -20.37  0.16 -0.99  0.01 -0.91 -0.15 -0.38  0.38  0.06 -0.92
  10 A-T       1.84    4.08  -22.93 -0.41 -0.91  0.00 -0.84  0.38 -0.38  0.35 -0.16 -0.92
  11 T-A       3.76    2.44  -25.48 -0.84 -0.54 -0.00 -0.50  0.77 -0.38  0.21 -0.32 -0.92
  12 C-G       4.43    0.05  -28.05 -1.00  0.01 -0.01  0.01  0.92 -0.38  0.00 -0.38 -0.92
  13 G-C       3.73   -2.40  -30.56 -0.85  0.52  0.01  0.48  0.79 -0.38 -0.21 -0.32 -0.92
  14 A-T       1.89   -4.06  -33.13 -0.42  0.91  0.00  0.84  0.39 -0.38 -0.35 -0.16 -0.92
  15 T-A      -0.61   -4.44  -35.67  0.14  0.99 -0.00  0.91 -0.13 -0.38 -0.38  0.05 -0.92
  16 C-G      -2.86   -3.39  -38.24  0.66  0.75 -0.01  0.69 -0.61 -0.38 -0.29  0.25 -0.92
  17 G-C      -4.25   -1.26  -40.75  0.95  0.30  0.01  0.28 -0.88 -0.38 -0.11  0.37 -0.92
  18 A-T      -4.31    1.22  -43.32  0.96 -0.27  0.00 -0.25 -0.89 -0.38  0.11  0.37 -0.92
  19 T-A      -2.96    3.36  -45.86  0.66 -0.75 -0.00 -0.69 -0.61 -0.38  0.29  0.25 -0.92
  20 C-G      -0.70    4.38  -48.43  0.13 -0.99 -0.01 -0.91 -0.12 -0.38  0.38  0.06 -0.92
*****************************************************************************************
Local middle reference frames
                Ox      Oy      Oz     Xx    Xy    Xz   Yx    Yy    Yz    Zx    Zy    Zz
   1 GA/TC     4.10   -1.22   -1.27 -0.96  0.27  0.00  0.25  0.89 -0.37 -0.10 -0.36 -0.93
   2 AT/AT     2.82   -3.24   -3.82 -0.66  0.76  0.00  0.70  0.61 -0.37 -0.28 -0.24 -0.93
   3 TC/GA     0.63   -4.23   -6.38 -0.13  0.99 -0.00  0.92  0.12 -0.37 -0.37 -0.05 -0.93
   4 CG/CG    -1.76   -3.86   -8.92  0.41  0.91 -0.00  0.85 -0.38 -0.37 -0.34  0.15 -0.93
   5 GA/TC    -3.60   -2.31  -11.46  0.84  0.55  0.00  0.51 -0.77 -0.37 -0.20  0.31 -0.93
   6 AT/AT    -4.30   -0.01  -14.01  1.00  0.00  0.00  0.00 -0.93 -0.37 -0.00  0.37 -0.93
   7 TC/GA    -3.62    2.29  -16.57  0.84 -0.55 -0.00 -0.51 -0.78 -0.37  0.20  0.31 -0.93
   8 CG/CG    -1.78    3.85  -19.11  0.42 -0.91  0.00 -0.84 -0.39 -0.37  0.34  0.16 -0.93
   9 GA/TC     0.61    4.24  -21.65 -0.13 -0.99  0.00 -0.92  0.12 -0.37  0.37 -0.05 -0.93
  10 AT/AT     2.80    3.26  -24.21 -0.65 -0.76  0.00 -0.70  0.60 -0.37  0.28 -0.24 -0.93
  11 TC/GA     4.09    1.24  -26.76 -0.96 -0.28 -0.00 -0.26  0.89 -0.37  0.11 -0.36 -0.93
  12 CG/CG     4.08   -1.17  -29.30 -0.96  0.28  0.00  0.26  0.89 -0.37 -0.10 -0.36 -0.93
  13 GA/TC     2.81   -3.23  -31.84 -0.67  0.75  0.00  0.69  0.62 -0.37 -0.28 -0.24 -0.93
  14 AT/AT     0.64   -4.25  -34.40 -0.15  0.99 -0.00  0.92  0.14 -0.37 -0.37 -0.06 -0.93
  15 TC/GA    -1.73   -3.91  -36.95  0.42  0.91 -0.00  0.84 -0.39 -0.37 -0.34  0.15 -0.93
  16 CG/CG    -3.55   -2.32  -39.49  0.84  0.55 -0.00  0.51 -0.78 -0.37 -0.20  0.31 -0.93
  17 GA/TC    -4.28   -0.02  -42.03  1.00  0.02  0.00  0.02 -0.93 -0.37 -0.00  0.37 -0.93
  18 AT/AT    -3.63    2.29  -44.59  0.85 -0.53  0.00 -0.50 -0.79 -0.37  0.20  0.31 -0.93
  19 TC/GA    -1.83    3.87  -47.15  0.42 -0.91 -0.00 -0.85 -0.38 -0.37  0.34  0.16 -0.93
*****************************************************************************************
Local middle helical reference frames
                Ox      Oy      Oz     Xx    Xy    Xz   Yx    Yy    Yz    Zx    Zy    Zz
   1 GA/TC     0.19   -0.14   -1.27 -0.96  0.27 -0.00  0.27  0.96 -0.01 -0.00 -0.01 -1.00
   2 AT/AT     0.01   -0.01   -3.82 -0.66  0.76  0.00  0.76  0.66 -0.00 -0.00 -0.00 -1.00
   3 TC/GA     0.11   -0.21   -6.38 -0.13  0.99  0.00  0.99  0.13 -0.01 -0.01 -0.00 -1.00
   4 CG/CG     0.20    0.45   -8.92  0.41  0.91 -0.00  0.91 -0.41  0.03  0.02 -0.01 -1.00
   5 GA/TC    -0.23   -0.05  -11.46  0.83  0.55 -0.00  0.55 -0.83 -0.01 -0.01  0.01 -1.00
   6 AT/AT    -0.01   -0.00  -14.01  1.00  0.00 -0.00  0.00 -1.00 -0.00 -0.00  0.00 -1.00
   7 TC/GA    -0.23    0.05  -16.57  0.84 -0.55  0.00 -0.55 -0.84 -0.01  0.01  0.01 -1.00
   8 CG/CG     0.21   -0.45  -19.11  0.42 -0.91  0.00 -0.91 -0.42  0.03 -0.02 -0.01 -1.00
   9 GA/TC     0.11    0.21  -21.65 -0.13 -0.99 -0.00 -0.99  0.13 -0.01  0.01 -0.00 -1.00
  10 AT/AT     0.01    0.01  -24.21 -0.65 -0.76 -0.00 -0.76  0.65 -0.00  0.00 -0.00 -1.00
  11 TC/GA     0.19    0.14  -26.76 -0.96 -0.28  0.00 -0.28  0.96 -0.01  0.00 -0.01 -1.00
  12 CG/CG    -0.47    0.14  -29.30 -0.96  0.28  0.00  0.28  0.96  0.03  0.01  0.02 -1.00
  13 GA/TC     0.08   -0.22  -31.84 -0.67  0.75 -0.00  0.75  0.67 -0.01 -0.01 -0.01 -1.00
  14 AT/AT     0.00   -0.01  -34.40 -0.15  0.99  0.00  0.99  0.15 -0.00 -0.00 -0.00 -1.00
  15 TC/GA    -0.02   -0.23  -36.95  0.42  0.91  0.00  0.91 -0.42 -0.01 -0.01  0.00 -1.00
  16 CG/CG     0.41    0.27  -39.49  0.84  0.55 -0.00  0.55 -0.84  0.03  0.01 -0.02 -1.00
  17 GA/TC    -0.22    0.08  -42.03  1.00  0.02 -0.00  0.02 -1.00 -0.01 -0.00  0.01 -1.00
  18 AT/AT    -0.01    0.01  -44.59  0.85 -0.53  0.00 -0.53 -0.85 -0.00  0.00  0.00 -1.00
  19 TC/GA    -0.16    0.16  -47.15  0.41 -0.91  0.00 -0.91 -0.41 -0.01  0.01  0.00 -1.00
*****************************************************************************************
Local strand I base reference frames
                Ox      Oy      Oz     Xx    Xy    Xz   Yx    Yy    Yz    Zx    Zy    Zz
   1 G         4.51   -0.12    0.02 -1.00 -0.06 -0.07 -0.03  0.92 -0.39  0.09 -0.38 -0.92
   2 A         3.74   -2.46   -2.56 -0.87  0.49 -0.08  0.48  0.79 -0.39 -0.13 -0.37 -0.92
   3 T         1.81   -4.10   -5.10 -0.46  0.88 -0.08  0.83  0.40 -0.39 -0.31 -0.24 -0.92
   4 C        -0.68   -4.31   -7.66  0.11  0.99 -0.09  0.91 -0.14 -0.38 -0.39 -0.04 -0.92
   5 G        -3.04   -3.33  -10.17  0.60  0.79 -0.07  0.72 -0.58 -0.39 -0.35  0.18 -0.92
   6 A        -4.31   -1.22  -12.75  0.94  0.34 -0.08  0.28 -0.88 -0.39 -0.20  0.34 -0.92
   7 T        -4.29    1.31  -15.29  0.97 -0.23 -0.08 -0.24 -0.89 -0.39  0.02  0.39 -0.92
   8 C        -2.81    3.33  -17.85  0.68 -0.73 -0.09 -0.70 -0.60 -0.38  0.23  0.32 -0.92
   9 G        -0.54    4.48  -20.36  0.21 -0.98 -0.07 -0.91 -0.16 -0.39  0.37  0.15 -0.92
  10 A         1.89    4.06  -22.94 -0.36 -0.93 -0.08 -0.85  0.36 -0.39  0.39 -0.07 -0.92
  11 T         3.79    2.39  -25.49 -0.81 -0.59 -0.08 -0.52  0.76 -0.39  0.29 -0.27 -0.92
  12 C         4.36   -0.05  -28.04 -1.00 -0.03 -0.09  0.00  0.92 -0.38  0.09 -0.38 -0.92
  13 G         3.74   -2.52  -30.55 -0.87  0.48 -0.07  0.47  0.79 -0.39 -0.13 -0.37 -0.92
  14 A         1.83   -4.08  -33.13 -0.47  0.88 -0.08  0.83  0.41 -0.39 -0.31 -0.24 -0.92
  15 T        -0.67   -4.43  -35.68  0.08  0.99 -0.08  0.92 -0.11 -0.39 -0.39 -0.04 -0.92
  16 C        -2.88   -3.27  -38.24  0.62  0.78 -0.09  0.70 -0.60 -0.38 -0.35  0.18 -0.92
  17 G        -4.35   -1.18  -40.75  0.93  0.35 -0.07  0.29 -0.87 -0.39 -0.20  0.34 -0.92
  18 A        -4.29    1.28  -43.33  0.97 -0.22 -0.08 -0.23 -0.89 -0.39  0.02  0.39 -0.92
  19 T        -2.91    3.40  -45.87  0.70 -0.71 -0.08 -0.68 -0.62 -0.39  0.23  0.32 -0.92
  20 C        -0.59    4.32  -48.43  0.18 -0.98 -0.09 -0.91 -0.13 -0.38  0.36  0.15 -0.92
*****************************************************************************************
Local strand II base reference frames
                Ox      Oy      Oz     Xx    Xy    Xz   Yx    Yy    Yz    Zx    Zy    Zz
   1 C         4.36    0.07    0.02 -1.00  0.03  0.09 -0.01  0.92 -0.38 -0.09 -0.38 -0.92
   2 T         3.81   -2.37   -2.54 -0.81  0.58  0.08  0.51  0.77 -0.39 -0.28 -0.27 -0.92
   3 A         1.91   -4.05   -5.09 -0.36  0.93  0.08  0.85  0.36 -0.39 -0.39 -0.08 -0.92
   4 G        -0.51   -4.48   -7.67  0.20  0.98  0.07  0.91 -0.16 -0.39 -0.37  0.14 -0.92
   5 C        -2.79   -3.34  -10.18  0.67  0.73  0.09  0.70 -0.60 -0.38 -0.23  0.32 -0.92
   6 T        -4.28   -1.33  -12.73  0.97  0.23  0.08  0.24 -0.89 -0.39 -0.02  0.39 -0.92
   7 A        -4.31    1.19  -15.28  0.94 -0.33  0.08 -0.28 -0.88 -0.39  0.19  0.34 -0.92
   8 G        -3.06    3.31  -17.86  0.61 -0.79  0.07 -0.71 -0.58 -0.39  0.35  0.18 -0.92
   9 C        -0.71    4.30  -20.37  0.12 -0.99  0.09 -0.91 -0.14 -0.38  0.39 -0.03 -0.92
  10 T         1.79    4.11  -22.93 -0.46 -0.89  0.08 -0.83  0.40 -0.39  0.31 -0.24 -0.92
  11 A         3.72    2.48  -25.47 -0.87 -0.50  0.08 -0.48  0.79 -0.39  0.13 -0.37 -0.92
  12 G         4.50    0.15  -28.05 -1.00  0.06  0.07  0.02  0.92 -0.39 -0.09 -0.38 -0.92
  13 C         3.72   -2.28  -30.56 -0.83  0.56  0.09  0.49  0.78 -0.38 -0.28 -0.27 -0.92
  14 T         1.95   -4.04  -33.12 -0.37  0.93  0.08  0.84  0.37 -0.39 -0.39 -0.08 -0.92
  15 A        -0.55   -4.44  -35.66  0.19  0.98  0.08  0.91 -0.15 -0.39 -0.37  0.14 -0.92
  16 G        -2.83   -3.51  -38.24  0.69  0.72  0.07  0.68 -0.62 -0.39 -0.23  0.32 -0.92
  17 C        -4.15   -1.33  -40.75  0.96  0.26  0.09  0.27 -0.88 -0.38 -0.02  0.39 -0.92
  18 T        -4.33    1.17  -43.31  0.94 -0.32  0.08 -0.27 -0.88 -0.39  0.19  0.34 -0.92
  19 A        -3.00    3.32  -45.85  0.62 -0.78  0.08 -0.71 -0.59 -0.39  0.35  0.18 -0.92
  20 G        -0.80    4.43  -48.43  0.09 -0.99  0.07 -0.92 -0.11 -0.39  0.39 -0.03 -0.92
****************************************************************************
Local strand I base step parameters
    step       Shift     Slide      Rise      Tilt      Roll     Twist
   1  G/A       0.41     -1.32      3.29      2.41     12.51     30.59
   2  A/T       0.35     -1.40      3.29      2.47     12.49     30.35
   3  T/C       0.46     -1.36      3.27      2.67     12.45     31.64
   4  C/G       0.22     -1.43      3.27      2.60     12.47     28.14
   5  G/A       0.41     -1.32      3.29      2.41     12.51     30.60
   6  A/T       0.35     -1.40      3.29      2.46     12.48     30.35
   7  T/C       0.46     -1.36      3.27      2.67     12.45     31.65
   8  C/G       0.22     -1.43      3.27      2.60     12.47     28.14
   9  G/A       0.41     -1.32      3.29      2.41     12.50     30.59
  10  A/T       0.35     -1.40      3.29      2.47     12.49     30.36
  11  T/C       0.46     -1.36      3.27      2.66     12.44     31.63
  12  C/G       0.22     -1.43      3.27      2.60     12.47     28.14
  13  G/A       0.41     -1.32      3.29      2.41     12.50     30.60
  14  A/T       0.35     -1.40      3.29      2.47     12.49     30.35
  15  T/C       0.46     -1.36      3.27      2.67     12.44     31.64
  16  C/G       0.22     -1.43      3.27      2.60     12.48     28.14
  17  G/A       0.41     -1.32      3.29      2.41     12.51     30.59
  18  A/T       0.35     -1.40      3.29      2.47     12.49     30.36
  19  T/C       0.46     -1.36      3.27      2.66     12.44     31.64
          ~~~~~~~~~~~~~~~~~~~~~~~~~~~~~~~~~~~~~~~~~~~~~~~~~~~~~~~~~~~~
      ave.      0.37     -1.37      3.28      2.53     12.48     30.29
      s.d.      0.09      0.04      0.01      0.10      0.02      1.25
****************************************************************************
Local strand I base helical parameters
    step       X-disp    Y-disp   h-Rise     Incl.       Tip   h-Twist
   1  G/A      -4.29     -0.33      2.59     22.52     -4.35     33.08
   2  A/T      -4.46     -0.23      2.55     22.64     -4.48     32.85
   3  T/C      -4.18     -0.38      2.60     21.76     -4.66     34.05
   4  C/G      -4.91      0.05      2.44     24.15     -5.02     30.83
   5  G/A      -4.29     -0.33      2.59     22.52     -4.35     33.09
   6  A/T      -4.46     -0.23      2.55     22.64     -4.47     32.85
   7  T/C      -4.18     -0.38      2.60     21.75     -4.67     34.06
   8  C/G      -4.91      0.05      2.44     24.15     -5.03     30.83
   9  G/A      -4.29     -0.33      2.59     22.51     -4.35     33.08
  10  A/T      -4.46     -0.23      2.55     22.65     -4.47     32.86
  11  T/C      -4.18     -0.38      2.60     21.75     -4.66     34.03
  12  C/G      -4.91      0.05      2.44     24.15     -5.03     30.84
  13  G/A      -4.29     -0.33      2.59     22.51     -4.35     33.09
  14  A/T      -4.46     -0.23      2.55     22.65     -4.48     32.85
  15  T/C      -4.18     -0.38      2.60     21.75     -4.66     34.04
  16  C/G      -4.91      0.05      2.44     24.15     -5.03     30.84
  17  G/A      -4.29     -0.33      2.59     22.52     -4.34     33.08
  18  A/T      -4.46     -0.23      2.55     22.64     -4.48     32.86
  19  T/C      -4.18     -0.38      2.60     21.75     -4.66     34.04
          ~~~~~~~~~~~~~~~~~~~~~~~~~~~~~~~~~~~~~~~~~~~~~~~~~~~~~~~~~~~~
      ave.     -4.44     -0.24      2.55     22.69     -4.61     32.80
      s.d.      0.27      0.16      0.06      0.85      0.25      1.14
****************************************************************************
Local strand II base step parameters
    step       Shift     Slide      Rise      Tilt      Roll     Twist
   1  C/T      -0.46     -1.36      3.27     -2.67     12.44     31.64
   2  T/A      -0.35     -1.40      3.29     -2.47     12.48     30.35
   3  A/G      -0.41     -1.32      3.29     -2.41     12.51     30.61
   4  G/C      -0.22     -1.43      3.27     -2.60     12.47     28.13
   5  C/T      -0.46     -1.36      3.27     -2.67     12.45     31.65
   6  T/A      -0.35     -1.40      3.29     -2.47     12.49     30.34
   7  A/G      -0.41     -1.32      3.29     -2.41     12.51     30.59
   8  G/C      -0.22     -1.43      3.27     -2.60     12.47     28.12
   9  C/T      -0.46     -1.36      3.27     -2.67     12.45     31.65
  10  T/A      -0.35     -1.40      3.29     -2.47     12.49     30.35
  11  A/G      -0.41     -1.32      3.29     -2.41     12.50     30.60
  12  G/C      -0.22     -1.43      3.27     -2.60     12.48     28.14
  13  C/T      -0.46     -1.36      3.27     -2.67     12.44     31.65
  14  T/A      -0.35     -1.40      3.29     -2.47     12.49     30.34
  15  A/G      -0.41     -1.32      3.29     -2.41     12.51     30.60
  16  G/C      -0.22     -1.43      3.27     -2.60     12.47     28.13
  17  C/T      -0.46     -1.36      3.27     -2.67     12.44     31.65
  18  T/A      -0.35     -1.40      3.29     -2.47     12.49     30.34
  19  A/G      -0.41     -1.32      3.29     -2.41     12.51     30.60
          ~~~~~~~~~~~~~~~~~~~~~~~~~~~~~~~~~~~~~~~~~~~~~~~~~~~~~~~~~~~~
      ave.     -0.37     -1.37      3.28     -2.53     12.48     30.29
      s.d.      0.09      0.04      0.01      0.11      0.02      1.25
****************************************************************************
Local strand II base helical parameters
    step       X-disp    Y-disp   h-Rise     Incl.       Tip   h-Twist
   1  C/T      -4.18      0.38      2.60     21.75      4.66     34.04
   2  T/A      -4.46      0.23      2.55     22.64      4.48     32.85
   3  A/G      -4.29      0.33      2.59     22.51      4.34     33.09
   4  G/C      -4.91     -0.05      2.44     24.15      5.03     30.83
   5  C/T      -4.18      0.39      2.60     21.75      4.67     34.05
   6  T/A      -4.46      0.23      2.55     22.64      4.47     32.85
   7  A/G      -4.29      0.33      2.59     22.52      4.34     33.08
   8  G/C      -4.92     -0.05      2.44     24.15      5.03     30.82
   9  C/T      -4.17      0.38      2.60     21.75      4.67     34.06
  10  T/A      -4.46      0.23      2.55     22.64      4.48     32.86
  11  A/G      -4.29      0.33      2.59     22.51      4.34     33.08
  12  G/C      -4.91     -0.05      2.44     24.15      5.03     30.84
  13  C/T      -4.18      0.39      2.60     21.75      4.66     34.05
  14  T/A      -4.46      0.23      2.55     22.64      4.47     32.85
  15  A/G      -4.29      0.33      2.59     22.51      4.34     33.09
  16  G/C      -4.92     -0.05      2.44     24.15      5.04     30.83
  17  C/T      -4.18      0.38      2.60     21.75      4.66     34.05
  18  T/A      -4.46      0.23      2.55     22.65      4.47     32.85
  19  A/G      -4.29      0.33      2.59     22.52      4.35     33.09
          ~~~~~~~~~~~~~~~~~~~~~~~~~~~~~~~~~~~~~~~~~~~~~~~~~~~~~~~~~~~~
      ave.     -4.44      0.24      2.55     22.69      4.61     32.80
      s.d.      0.28      0.16      0.06      0.85      0.26      1.15
****************************************************************************
xyz coordinates of C1' atoms

    bp        xI       yI       zI       xII      yII      zII
   1 G-C     6.874    5.000   -1.877    6.874   -5.000    1.877
   2 A-T     8.486    0.494   -4.425    3.083   -7.921   -0.671
   3 T-A     7.408   -4.169   -6.973   -1.684   -8.331   -3.219
   4 C-G     3.981   -7.510   -9.521   -5.918   -6.101   -5.767
   5 G-C    -0.707   -8.471  -12.069   -8.276   -1.937   -8.315
   6 A-T    -5.171   -6.746  -14.617   -8.011    2.842  -10.863
   7 T-A    -7.996   -2.883  -17.165   -5.206    6.719  -13.411
   8 C-G    -8.286    1.893  -19.713   -0.751    8.467  -15.959
   9 G-C    -5.950    6.070  -22.261    3.942    7.531  -18.507
  10 A-T    -1.728    8.322  -24.809    7.386    4.208  -21.055
  11 T-A     3.042    7.937  -27.357    8.488   -0.449  -23.603
  12 C-G     6.848    5.036  -29.905    6.900   -4.964  -26.151
  13 G-C     8.483    0.538  -32.453    3.125   -7.905  -28.699
  14 A-T     7.429   -4.130  -35.001   -1.641   -8.340  -31.247
  15 T-A     4.021   -7.489  -37.549   -5.886   -6.132  -33.795
  16 C-G    -0.662   -8.474  -40.097   -8.266   -1.980  -36.343
  17 G-C    -5.136   -6.773  -42.645   -8.026    2.800  -38.891
  18 A-T    -7.981   -2.925  -45.193   -5.241    6.692  -41.439
  19 T-A    -8.296    1.850  -47.741   -0.795    8.463  -43.987
  20 C-G    -5.982    6.039  -50.289    3.902    7.551  -46.535
****************************************************************************
xyz coordinates of RN9/YN1 atoms

    bp        xI       yI       zI       xII      yII      zII
   1 G-C     5.666    4.158   -1.647    5.666   -4.158    1.647
   2 A-T     7.014    0.438   -4.195    2.522   -6.560   -0.901
   3 T-A     6.139   -3.421   -6.743   -1.422   -6.883   -3.449
   4 C-G     3.318   -6.196   -9.291   -4.915   -5.024   -5.997
   5 G-C    -0.555   -7.006  -11.839   -6.850   -1.573   -8.545
   6 A-T    -4.252   -5.596  -14.387   -6.614    2.377  -11.093
   7 T-A    -6.601   -2.412  -16.935   -4.281    5.573  -13.641
   8 C-G    -6.858    1.537  -19.483   -0.592    7.003  -16.189
   9 G-C    -4.941    4.998  -22.031    3.285    6.213  -18.737
  10 A-T    -1.458    6.875  -24.579    6.121    3.453  -21.285
  11 T-A     2.488    6.573  -27.127    7.017   -0.401  -23.833
  12 C-G     5.644    4.187  -29.675    5.688   -4.128  -26.381
  13 G-C     7.012    0.474  -32.223    2.556   -6.547  -28.929
  14 A-T     6.157   -3.389  -34.771   -1.386   -6.890  -31.477
  15 T-A     3.350   -6.178  -37.319   -4.888   -5.050  -34.025
  16 C-G    -0.518   -7.009  -39.867   -6.841   -1.608  -36.573
  17 G-C    -4.223   -5.618  -42.415   -6.626    2.343  -39.121
  18 A-T    -6.588   -2.446  -44.963   -4.310    5.551  -41.669
  19 T-A    -6.866    1.501  -47.511   -0.628    7.000  -44.217
  20 C-G    -4.967    4.972  -50.059    3.253    6.230  -46.765
****************************************************************************
xyz coordinates of RC8/YC6 atoms

    bp        xI       yI       zI       xII      yII      zII
   1 G-C     4.342    4.447   -1.899    4.423   -4.613    1.961
   2 A-T     6.060    1.397   -4.448    1.220   -6.275   -0.584
   3 T-A     6.040   -2.092   -7.060   -2.237   -5.803   -3.196
   4 C-G     3.943   -5.029   -9.605   -5.014   -3.672   -5.745
   5 G-C     0.529   -6.192  -12.091   -6.382   -0.334   -8.231
   6 A-T    -2.902   -5.500  -14.640   -5.547    3.177  -10.776
   7 T-A    -5.530   -3.206  -17.252   -2.931    5.485  -13.388
   8 C-G    -6.384    0.301  -19.797    0.496    6.195  -15.937
   9 G-C    -5.033    3.646  -22.283    3.917    5.050  -18.423
  10 A-T    -2.267    5.791  -24.832    6.029    2.123  -20.968
  11 T-A     1.187    6.281  -27.444    6.067   -1.365  -23.580
  12 C-G     4.399    4.636  -29.989    4.365   -4.424  -26.129
  13 G-C     6.049    1.428  -32.475    1.263   -6.265  -28.615
  14 A-T     5.865   -2.068  -35.024   -2.332   -5.951  -31.160
  15 T-A     3.979   -5.002  -37.636   -4.998   -3.701  -33.772
  16 C-G     0.635   -6.359  -40.181   -6.201   -0.414  -36.321
  17 G-C    -2.872   -5.512  -42.667   -5.568    3.137  -38.807
  18 A-T    -5.398   -3.089  -45.216   -2.981    5.654  -41.352
  19 T-A    -6.387    0.257  -47.828    0.464    6.202  -43.964
  20 C-G    -5.229    3.675  -50.373    3.739    4.965  -46.513
****************************************************************************
xyz coordinates of O1P atoms w.r.t. the middle frame of each dimer

    step       xI      yI      zI     xII     yII     zII
   1 GA/TC   -1.40    9.51    3.33   -1.21    9.50    3.33
   2 AT/AT   -1.29    9.51    3.33   -1.29    9.51    3.33
   3 TC/GA   -1.22    9.50    3.33   -1.40    9.51    3.33
   4 CG/CG   -1.34    9.51    3.33   -1.34    9.51    3.33
   5 GA/TC   -1.40    9.51    3.33   -1.21    9.50    3.33
   6 AT/AT   -1.29    9.51    3.33   -1.29    9.51    3.33
   7 TC/GA   -1.21    9.50    3.33   -1.40    9.51    3.33
   8 CG/CG   -1.34    9.51    3.33   -1.34    9.51    3.33
   9 GA/TC   -1.40    9.51    3.33   -1.21    9.50    3.33
  10 AT/AT   -1.29    9.51    3.33   -1.29    9.51    3.33
  11 TC/GA   -1.22    9.50    3.33   -1.40    9.51    3.33
  12 CG/CG   -1.34    9.51    3.33   -1.34    9.51    3.33
  13 GA/TC   -1.40    9.51    3.33   -1.22    9.50    3.33
  14 AT/AT   -1.29    9.51    3.33   -1.29    9.51    3.33
  15 TC/GA   -1.21    9.50    3.33   -1.40    9.51    3.33
  16 CG/CG   -1.34    9.51    3.33   -1.34    9.51    3.33
  17 GA/TC   -1.40    9.51    3.33   -1.22    9.50    3.33
  18 AT/AT   -1.29    9.51    3.33   -1.29    9.51    3.33
  19 TC/GA   -1.22    9.50    3.33   -1.40    9.51    3.33
****************************************************************************
xyz coordinates of O1P atoms w.r.t. the middle helix frame of each dimer

    step      xIH     yIH     zIH     xIIH    yIIH    zIIH
   1 GA/TC   -5.44    7.69    6.55   -5.30    7.63    6.53
   2 AT/AT   -5.57    7.60    6.61   -5.57    7.60    6.61
   3 TC/GA   -5.30    7.63    6.53   -5.44    7.69    6.55
   4 CG/CG   -6.08    7.42    6.82   -6.08    7.42    6.82
   5 GA/TC   -5.44    7.69    6.55   -5.29    7.63    6.53
   6 AT/AT   -5.57    7.60    6.61   -5.57    7.60    6.61
   7 TC/GA   -5.30    7.63    6.53   -5.44    7.69    6.55
   8 CG/CG   -6.08    7.42    6.82   -6.08    7.42    6.82
   9 GA/TC   -5.44    7.69    6.55   -5.29    7.63    6.53
  10 AT/AT   -5.57    7.60    6.61   -5.57    7.60    6.61
  11 TC/GA   -5.30    7.63    6.53   -5.44    7.69    6.55
  12 CG/CG   -6.08    7.42    6.82   -6.08    7.42    6.82
  13 GA/TC   -5.44    7.69    6.55   -5.29    7.63    6.53
  14 AT/AT   -5.57    7.60    6.61   -5.57    7.60    6.61
  15 TC/GA   -5.30    7.64    6.53   -5.44    7.69    6.55
  16 CG/CG   -6.08    7.41    6.82   -6.08    7.42    6.82
  17 GA/TC   -5.44    7.69    6.55   -5.30    7.63    6.53
  18 AT/AT   -5.57    7.60    6.61   -5.57    7.60    6.61
  19 TC/GA   -5.30    7.63    6.53   -5.44    7.69    6.55
****************************************************************************
xyz coordinates of O2P atoms w.r.t. the middle frame of each dimer

    step       xI      yI      zI     xII     yII     zII
   1 GA/TC    0.38    7.88    2.67    0.54    7.83    2.67
   2 AT/AT    0.48    7.85    2.67    0.48    7.85    2.67
   3 TC/GA    0.54    7.83    2.66    0.38    7.88    2.67
   4 CG/CG    0.43    7.85    2.67    0.43    7.85    2.67
   5 GA/TC    0.38    7.88    2.67    0.54    7.83    2.67
   6 AT/AT    0.48    7.85    2.67    0.48    7.85    2.67
   7 TC/GA    0.54    7.83    2.67    0.38    7.88    2.67
   8 CG/CG    0.43    7.85    2.67    0.43    7.85    2.67
   9 GA/TC    0.38    7.88    2.67    0.54    7.83    2.66
  10 AT/AT    0.48    7.85    2.67    0.48    7.85    2.67
  11 TC/GA    0.54    7.83    2.67    0.38    7.88    2.67
  12 CG/CG    0.43    7.85    2.67    0.43    7.85    2.67
  13 GA/TC    0.38    7.88    2.67    0.53    7.83    2.66
  14 AT/AT    0.48    7.85    2.67    0.48    7.85    2.67
  15 TC/GA    0.54    7.83    2.66    0.38    7.88    2.67
  16 CG/CG    0.43    7.85    2.67    0.43    7.85    2.67
  17 GA/TC    0.38    7.88    2.67    0.54    7.83    2.66
  18 AT/AT    0.48    7.85    2.67    0.48    7.85    2.67
  19 TC/GA    0.54    7.83    2.66    0.38    7.88    2.67
****************************************************************************
xyz coordinates of O2P atoms w.r.t. the middle helix frame of each dimer

    step      xIH     yIH     zIH     xIIH    yIIH    zIIH
   1 GA/TC   -3.66    6.40    5.33   -3.54    6.31    5.31
   2 AT/AT   -3.81    6.31    5.38   -3.80    6.31    5.38
   3 TC/GA   -3.54    6.32    5.31   -3.66    6.40    5.33
   4 CG/CG   -4.31    6.16    5.55   -4.31    6.16    5.55
   5 GA/TC   -3.66    6.40    5.33   -3.54    6.31    5.31
   6 AT/AT   -3.81    6.31    5.38   -3.81    6.31    5.38
   7 TC/GA   -3.54    6.31    5.31   -3.66    6.40    5.33
   8 CG/CG   -4.31    6.16    5.55   -4.31    6.16    5.55
   9 GA/TC   -3.66    6.40    5.33   -3.54    6.31    5.31
  10 AT/AT   -3.80    6.31    5.38   -3.80    6.31    5.38
  11 TC/GA   -3.54    6.32    5.31   -3.66    6.40    5.33
  12 CG/CG   -4.31    6.16    5.55   -4.31    6.16    5.55
  13 GA/TC   -3.66    6.40    5.33   -3.54    6.31    5.31
  14 AT/AT   -3.81    6.31    5.38   -3.80    6.31    5.38
  15 TC/GA   -3.54    6.32    5.31   -3.66    6.40    5.33
  16 CG/CG   -4.31    6.16    5.55   -4.31    6.16    5.55
  17 GA/TC   -3.66    6.40    5.33   -3.54    6.31    5.31
  18 AT/AT   -3.80    6.31    5.38   -3.80    6.31    5.38
  19 TC/GA   -3.54    6.31    5.31   -3.66    6.40    5.33
****************************************************************************
xyz coordinates of P atoms w.r.t. the middle frame of each dimer

    step       xI      yI      zI     xII     yII     zII
   1 GA/TC   -1.00    8.37    2.48   -0.84    8.35    2.48
   2 AT/AT   -0.90    8.36    2.48   -0.90    8.36    2.48
   3 TC/GA   -0.84    8.35    2.48   -1.00    8.37    2.48
   4 CG/CG   -0.95    8.36    2.48   -0.95    8.36    2.48
   5 GA/TC   -1.00    8.37    2.48   -0.84    8.35    2.48
   6 AT/AT   -0.90    8.36    2.48   -0.90    8.36    2.48
   7 TC/GA   -0.84    8.35    2.48   -1.00    8.37    2.48
   8 CG/CG   -0.95    8.36    2.48   -0.95    8.36    2.48
   9 GA/TC   -1.00    8.37    2.48   -0.84    8.35    2.48
  10 AT/AT   -0.90    8.36    2.48   -0.90    8.36    2.48
  11 TC/GA   -0.84    8.35    2.48   -1.00    8.37    2.48
  12 CG/CG   -0.95    8.36    2.48   -0.95    8.36    2.48
  13 GA/TC   -1.00    8.37    2.48   -0.84    8.35    2.48
  14 AT/AT   -0.90    8.36    2.48   -0.90    8.36    2.48
  15 TC/GA   -0.84    8.35    2.48   -1.00    8.37    2.48
  16 CG/CG   -0.95    8.36    2.48   -0.95    8.36    2.48
  17 GA/TC   -1.00    8.37    2.48   -0.84    8.35    2.48
  18 AT/AT   -0.90    8.36    2.48   -0.90    8.36    2.48
  19 TC/GA   -0.84    8.35    2.48   -1.00    8.37    2.48
****************************************************************************
xyz coordinates of P atoms w.r.t. the middle helix frame of each dimer

    step      xIH     yIH     zIH     xIIH    yIIH    zIIH
   1 GA/TC   -5.05    6.93    5.34   -4.92    6.87    5.33
   2 AT/AT   -5.18    6.85    5.40   -5.18    6.85    5.40
   3 TC/GA   -4.91    6.87    5.33   -5.05    6.93    5.34
   4 CG/CG   -5.69    6.70    5.58   -5.69    6.70    5.58
   5 GA/TC   -5.05    6.93    5.34   -4.92    6.87    5.33
   6 AT/AT   -5.18    6.85    5.40   -5.18    6.85    5.40
   7 TC/GA   -4.91    6.87    5.33   -5.05    6.93    5.34
   8 CG/CG   -5.69    6.70    5.58   -5.69    6.70    5.58
   9 GA/TC   -5.05    6.93    5.34   -4.91    6.87    5.32
  10 AT/AT   -5.18    6.85    5.40   -5.18    6.85    5.40
  11 TC/GA   -4.92    6.87    5.32   -5.05    6.93    5.34
  12 CG/CG   -5.69    6.70    5.58   -5.69    6.70    5.58
  13 GA/TC   -5.05    6.93    5.34   -4.91    6.87    5.32
  14 AT/AT   -5.18    6.85    5.40   -5.18    6.85    5.40
  15 TC/GA   -4.92    6.87    5.32   -5.05    6.93    5.34
  16 CG/CG   -5.69    6.70    5.58   -5.69    6.70    5.58
  17 GA/TC   -5.05    6.93    5.34   -4.92    6.87    5.33
  18 AT/AT   -5.18    6.85    5.40   -5.18    6.85    5.40
  19 TC/GA   -4.92    6.87    5.33   -5.05    6.93    5.34
****************************************************************************
xyz coordinates of P atoms

    bp        xI       yI       zI       xII      yII      zII
   1 G-C     3.063    8.025   -4.135    3.063   -8.025    4.135
   2 A-T     6.913    5.099   -6.683   -1.758   -8.408    1.587
   3 T-A     8.572    0.556   -9.231   -6.022   -6.126   -0.961
   4 C-G     7.514   -4.163  -11.779   -8.377   -1.902   -3.509
   5 G-C     4.074   -7.563  -14.327   -8.077    2.925   -6.057
   6 A-T    -0.658   -8.565  -16.875   -5.216    6.825   -8.605
   7 T-A    -5.180   -6.852  -19.423   -0.702    8.561  -11.153
   8 C-G    -8.061   -2.968  -21.971    4.034    7.584  -13.701
   9 G-C    -8.387    1.858  -24.519    7.492    4.202  -16.249
  10 A-T    -6.054    6.094  -27.067    8.575   -0.511  -18.797
  11 T-A    -1.802    8.399  -29.615    6.940   -5.062  -21.345
  12 C-G     3.021    8.041  -32.163    3.105   -8.009  -23.893
  13 G-C     6.886    5.135  -34.711   -1.714   -8.417  -26.441
  14 A-T     8.569    0.601  -37.259   -5.990   -6.157  -28.989
  15 T-A     7.535   -4.124  -39.807   -8.367   -1.945  -31.537
  16 C-G     4.113   -7.541  -42.355   -8.092    2.883  -34.085
  17 G-C    -0.613   -8.568  -44.903   -5.252    6.798  -36.633
  18 A-T    -5.144   -6.879  -47.451   -0.747    8.557  -39.181
  19 T-A    -8.045   -3.010  -49.999    3.994    7.605  -41.729
  20 C-G    -8.396    1.814  -52.547    7.470    4.242  -44.277
*******************************************************************************************
Phosphorus-phosphorus distance in Angstroms

            1      2      3      4      5      6      7      8      9     10     11     12
            C      T      A      G      C      T      A      G      C      T      A      G   
   1 G    18.1   18.1   17.1   15.2   12.4    9.5    8.0    9.6   13.5   17.8   22.0   25.4
   2 A    17.4   18.1   18.1   17.1   15.2   12.4    9.5    8.0    9.6   13.5   17.8   22.0
   3 T    16.8   17.4   18.1   18.1   17.1   15.2   12.4    9.5    8.0    9.6   13.5   17.8
   4 C    17.0   16.8   17.4   18.1   18.1   17.1   15.2   12.4    9.5    8.0    9.6   13.5
   5 G    18.5   17.0   16.8   17.4   18.1   18.1   17.1   15.2   12.4    9.5    8.0    9.6
   6 A    21.3   18.5   17.0   16.8   17.4   18.1   18.1   17.1   15.2   12.4    9.5    8.0
   7 T    25.0   21.3   18.5   17.0   16.8   17.4   18.1   18.1   17.1   15.2   12.4    9.5
   8 C    28.8   25.0   21.3   18.5   17.0   16.8   17.4   18.1   18.1   17.1   15.2   12.4
   9 G    32.4   28.8   25.0   21.3   18.5   17.0   16.8   17.4   18.1   18.1   17.1   15.2
  10 A    35.4   32.4   28.8   25.0   21.3   18.5   17.0   16.8   17.4   18.1   18.1   17.1
  11 T    37.8   35.4   32.4   28.8   25.0   21.3   18.5   17.0   16.8   17.4   18.1   18.1
  12 C    39.7   37.8   35.4   32.4   28.8   25.0   21.3   18.5   17.0   16.8   17.4   18.1
  13 G    41.2   39.7   37.8   35.4   32.4   28.8   25.0   21.3   18.5   17.0   16.8   17.4
  14 A    42.6   41.2   39.7   37.8   35.4   32.4   28.8   25.0   21.3   18.5   17.0   16.8
  15 T    44.3   42.6   41.2   39.7   37.8   35.4   32.4   28.8   25.0   21.3   18.5   17.0
  16 C    46.5   44.3   42.6   41.2   39.7   37.8   35.4   32.4   28.8   25.0   21.3   18.5
  17 G    49.2   46.5   44.3   42.6   41.2   39.7   37.8   35.4   32.4   28.8   25.0   21.3
  18 A    52.2   49.2   46.5   44.3   42.6   41.2   39.7   37.8   35.4   32.4   28.8   25.0
  19 T    55.5   52.2   49.2   46.5   44.3   42.6   41.2   39.7   37.8   35.4   32.4   28.8
  20 C    58.7   55.5   52.2   49.2   46.5   44.3   42.6   41.2   39.7   37.8   35.4   32.4

           13     14     15     16     17     18     19     20
            C      T      A      G      C      T      A      G   
   1 G    28.1   30.0   31.3   32.4   33.6   35.3   37.6   40.6
   2 A    25.4   28.1   30.0   31.3   32.4   33.6   35.3   37.6
   3 T    22.0   25.4   28.1   30.0   31.3   32.4   33.6   35.3
   4 C    17.8   22.0   25.4   28.1   30.0   31.3   32.4   33.6
   5 G    13.5   17.8   22.0   25.4   28.1   30.0   31.3   32.4
   6 A     9.6   13.5   17.8   22.0   25.4   28.1   30.0   31.3
   7 T     8.0    9.6   13.5   17.8   22.0   25.4   28.1   30.0
   8 C     9.5    8.0    9.6   13.5   17.8   22.0   25.4   28.1
   9 G    12.4    9.5    8.0    9.6   13.5   17.8   22.0   25.4
  10 A    15.2   12.4    9.5    8.0    9.6   13.5   17.8   22.0
  11 T    17.1   15.2   12.4    9.5    8.0    9.6   13.5   17.8
  12 C    18.1   17.1   15.2   12.4    9.5    8.0    9.6   13.5
  13 G    18.1   18.1   17.1   15.2   12.4    9.5    8.0    9.6
  14 A    17.4   18.1   18.1   17.1   15.2   12.4    9.5    8.0
  15 T    16.8   17.4   18.1   18.1   17.1   15.2   12.4    9.5
  16 C    17.0   16.8   17.4   18.1   18.1   17.1   15.2   12.4
  17 G    18.5   17.0   16.8   17.4   18.1   18.1   17.1   15.2
  18 A    21.3   18.5   17.0   16.8   17.4   18.1   18.1   17.1
  19 T    25.0   21.3   18.5   17.0   16.8   17.4   18.1   18.1
  20 C    28.8   25.0   21.3   18.5   17.0   16.8   17.4   18.1
****************************************************************************
Strand I helix radius

    step          P        O4'       C1'
   1  G/A       8.45      8.92      8.32
   2  A/T       8.59      9.08      8.49
   3  T/C       8.33      8.78      8.20
   4  C/G       9.04      9.61      9.04
   5  G/A       8.45      8.92      8.32
   6  A/T       8.59      9.08      8.49
   7  T/C       8.33      8.78      8.19
   8  C/G       9.04      9.61      9.04
   9  G/A       8.45      8.92      8.32
  10  A/T       8.59      9.08      8.49
  11  T/C       8.33      8.79      8.20
  12  C/G       9.04      9.61      9.04
  13  G/A       8.45      8.92      8.32
  14  A/T       8.59      9.08      8.49
  15  T/C       8.33      8.79      8.20
  16  C/G       9.04      9.60      9.04
  17  G/A       8.44      8.92      8.32
  18  A/T       8.59      9.08      8.49
  19  T/C       8.33      8.78      8.20
****************************************************************************
Strand II helix radius

    step          P        O4'       C1'
   1  C/T       8.33      8.79      8.20
   2  T/A       8.59      9.08      8.49
   3  A/G       8.44      8.92      8.32
   4  G/C       9.04      9.61      9.04
   5  C/T       8.33      8.78      8.19
   6  T/A       8.59      9.08      8.49
   7  A/G       8.44      8.92      8.32
   8  G/C       9.04      9.61      9.04
   9  C/T       8.33      8.78      8.19
  10  T/A       8.59      9.08      8.49
  11  A/G       8.45      8.92      8.32
  12  G/C       9.04      9.61      9.04
  13  C/T       8.33      8.78      8.19
  14  T/A       8.59      9.08      8.49
  15  A/G       8.44      8.92      8.32
  16  G/C       9.04      9.61      9.04
  17  C/T       8.33      8.78      8.20
  18  T/A       8.59      9.08      8.49
  19  A/G       8.44      8.92      8.32
****************************************************************************************
Base-pair helix axis

               Ox      Oy      Oz     Xx    Xy    Xz   Yx    Yy    Yz    Zx    Zy    Zz
   1 GA/TC    0.19   -0.12    0.03 -1.00 -0.02  0.00 -0.02  1.00 -0.01 -0.00 -0.01 -1.00
              0.18   -0.15   -2.56 -0.84  0.54 -0.00  0.54  0.84 -0.01 -0.00 -0.01 -1.00
   2 AT/AT    0.01   -0.01   -2.55 -0.84  0.54  0.00  0.54  0.84 -0.00 -0.00 -0.00 -1.00
              0.01   -0.01   -5.10 -0.42  0.91 -0.00  0.91  0.42 -0.00 -0.00 -0.00 -1.00
   3 TC/GA    0.12   -0.20   -5.08 -0.41  0.91  0.00  0.91  0.41 -0.01 -0.01 -0.00 -1.00
              0.10   -0.21   -7.68  0.16  0.99 -0.00  0.99 -0.16 -0.01 -0.01 -0.00 -1.00
   4 CG/CG    0.17    0.46   -7.70  0.16  0.99 -0.01  0.99 -0.16  0.03  0.02 -0.01 -1.00
              0.23    0.43  -10.14  0.64  0.77  0.01  0.77 -0.64  0.03  0.02 -0.01 -1.00
   5 GA/TC   -0.22   -0.06  -10.16  0.64  0.77  0.00  0.77 -0.64 -0.01 -0.01  0.01 -1.00
             -0.24   -0.04  -12.76  0.96  0.29 -0.00  0.29 -0.96 -0.01 -0.01  0.01 -1.00
   6 AT/AT   -0.01   -0.00  -12.74  0.96  0.29  0.00  0.29 -0.96 -0.00 -0.00  0.00 -1.00
             -0.01    0.00  -15.29  0.96 -0.28 -0.00 -0.28 -0.96 -0.00 -0.00  0.00 -1.00
   7 TC/GA   -0.23    0.04  -15.27  0.96 -0.28  0.00 -0.28 -0.96 -0.01  0.01  0.01 -1.00
             -0.22    0.06  -17.87  0.64 -0.76 -0.00 -0.76 -0.64 -0.01  0.01  0.01 -1.00
   8 CG/CG    0.23   -0.43  -17.89  0.64 -0.76 -0.01 -0.76 -0.64  0.03 -0.02 -0.01 -1.00
              0.18   -0.46  -20.33  0.16 -0.99  0.01 -0.99 -0.16  0.03 -0.02 -0.01 -1.00
   9 GA/TC    0.10    0.21  -20.35  0.16 -0.99  0.00 -0.99 -0.16 -0.01  0.01 -0.00 -1.00
              0.12    0.20  -22.95 -0.41 -0.91 -0.00 -0.91  0.41 -0.01  0.01 -0.00 -1.00
  10 AT/AT    0.01    0.01  -22.93 -0.41 -0.91  0.00 -0.91  0.41 -0.00  0.00 -0.00 -1.00
              0.01    0.01  -25.48 -0.84 -0.54 -0.00 -0.54  0.84 -0.00  0.00 -0.00 -1.00
  11 TC/GA    0.18    0.15  -25.46 -0.84 -0.54  0.00 -0.54  0.84 -0.01  0.00 -0.01 -1.00
              0.19    0.12  -28.06 -1.00  0.01 -0.00  0.01  1.00 -0.01  0.00 -0.01 -1.00
  12 CG/CG   -0.48    0.11  -28.08 -1.00  0.01 -0.01  0.01  1.00  0.03  0.01  0.02 -1.00
             -0.46    0.17  -30.52 -0.85  0.52  0.01  0.52  0.85  0.03  0.01  0.02 -1.00
  13 GA/TC    0.09   -0.21  -30.54 -0.85  0.52  0.00  0.52  0.85 -0.01 -0.01 -0.01 -1.00
              0.07   -0.23  -33.14 -0.42  0.91 -0.00  0.91  0.42 -0.01 -0.01 -0.01 -1.00
  14 AT/AT    0.00   -0.01  -33.12 -0.42  0.91  0.00  0.91  0.42 -0.00 -0.00 -0.00 -1.00
             -0.00   -0.01  -35.67  0.14  0.99 -0.00  0.99 -0.14 -0.00 -0.00 -0.00 -1.00
  15 TC/GA   -0.00   -0.24  -35.66  0.14  0.99  0.00  0.99 -0.14 -0.01 -0.01  0.00 -1.00
             -0.03   -0.23  -38.25  0.66  0.75 -0.00  0.75 -0.66 -0.01 -0.01  0.00 -1.00
  16 CG/CG    0.39    0.29  -38.27  0.66  0.75 -0.01  0.75 -0.66  0.03  0.01 -0.02 -1.00
              0.43    0.24  -40.72  0.95  0.30  0.01  0.30 -0.95  0.03  0.01 -0.02 -1.00
  17 GA/TC   -0.22    0.06  -40.74  0.95  0.31  0.00  0.31 -0.95 -0.01 -0.00  0.01 -1.00
             -0.22    0.09  -43.33  0.96 -0.27 -0.00 -0.27 -0.96 -0.01 -0.00  0.01 -1.00
  18 AT/AT   -0.01    0.01  -43.31  0.96 -0.27  0.00 -0.27 -0.96 -0.00  0.00  0.00 -1.00
             -0.01    0.01  -45.86  0.66 -0.75 -0.00 -0.75 -0.66 -0.00  0.00  0.00 -1.00
  19 TC/GA   -0.18    0.16  -45.85  0.66 -0.75  0.00 -0.75 -0.66 -0.01  0.01  0.00 -1.00
             -0.15    0.17  -48.44  0.13 -0.99 -0.00 -0.99 -0.13 -0.01  0.01  0.00 -1.00
****************************************************************************************
Strand I helix axis

               Ox      Oy      Oz     Xx    Xy    Xz   Yx    Yy    Yz    Zx    Zy    Zz
   1  G/A     0.20    0.01    0.02 -1.00 -0.05  0.00 -0.05  1.00 -0.00 -0.00 -0.00 -1.00
              0.20   -0.01   -2.57 -0.86  0.51 -0.00  0.51  0.86 -0.00 -0.00 -0.00 -1.00
   2  A/T     0.00   -0.01   -2.56 -0.86  0.51 -0.00  0.51  0.86 -0.00 -0.00 -0.00 -1.00
              0.00   -0.02   -5.11 -0.45  0.89 -0.00  0.89  0.45 -0.00 -0.00 -0.00 -1.00
   3  T/C     0.28   -0.20   -5.10 -0.45  0.89  0.00  0.89  0.45 -0.02 -0.02 -0.01 -1.00
              0.23   -0.21   -7.70  0.13  0.99 -0.01  0.99 -0.13 -0.02 -0.02 -0.01 -1.00
   4  C/G    -0.10    0.58   -7.67  0.13  0.99 -0.00  0.99 -0.13  0.03  0.03 -0.01 -1.00
             -0.04    0.56  -10.11  0.62  0.79  0.01  0.79 -0.62  0.02  0.03 -0.01 -1.00
   5  G/A    -0.13   -0.16  -10.17  0.62  0.79  0.00  0.79 -0.62 -0.00 -0.00  0.00 -1.00
             -0.14   -0.15  -12.76  0.95  0.32 -0.00  0.32 -0.95 -0.00 -0.00  0.00 -1.00
   6  A/T    -0.01    0.00  -12.75  0.95  0.32 -0.00  0.32 -0.95 -0.00 -0.00  0.00 -1.00
             -0.02    0.01  -15.30  0.97 -0.24 -0.00 -0.24 -0.97 -0.00 -0.00  0.00 -1.00
   7  T/C    -0.33   -0.08  -15.29  0.97 -0.24  0.00 -0.24 -0.97 -0.02  0.01  0.02 -1.00
             -0.31   -0.04  -17.89  0.67 -0.75 -0.01 -0.75 -0.67 -0.02  0.01  0.02 -1.00
   8  C/G     0.50   -0.30  -17.86  0.67 -0.74 -0.00 -0.74 -0.67  0.03 -0.02 -0.02 -1.00
              0.45   -0.34  -20.30  0.19 -0.98  0.01 -0.98 -0.19  0.02 -0.02 -0.02 -1.00
   9  G/A    -0.04    0.20  -20.36  0.19 -0.98  0.00 -0.98 -0.19 -0.00  0.00  0.00 -1.00
             -0.02    0.20  -22.95 -0.37 -0.93 -0.00 -0.93  0.37 -0.00  0.00  0.00 -1.00
  10  A/T     0.01    0.01  -22.94 -0.37 -0.93 -0.00 -0.93  0.37 -0.00  0.00 -0.00 -1.00
              0.02    0.01  -25.49 -0.82 -0.58 -0.00 -0.58  0.82 -0.00  0.00 -0.00 -1.00
  11  T/C     0.15    0.30  -25.48 -0.82 -0.57  0.00 -0.57  0.82 -0.02  0.01 -0.02 -1.00
              0.17    0.26  -28.08 -1.00 -0.02 -0.01 -0.02  1.00 -0.02  0.01 -0.02 -1.00
  12  C/G    -0.55   -0.19  -28.05 -1.00 -0.02 -0.00 -0.02  1.00  0.03  0.00  0.03 -1.00
             -0.55   -0.12  -30.49 -0.87  0.50  0.01  0.50  0.87  0.02  0.00  0.03 -1.00
  13  G/A     0.17   -0.10  -30.55 -0.87  0.50  0.00  0.50  0.87 -0.01 -0.00 -0.00 -1.00
              0.17   -0.11  -33.14 -0.46  0.89 -0.00  0.89  0.46 -0.00 -0.00 -0.00 -1.00
  14  A/T    -0.00   -0.01  -33.13 -0.46  0.89 -0.00  0.89  0.46 -0.00 -0.00 -0.00 -1.00
             -0.01   -0.02  -35.68  0.10  1.00 -0.00  1.00 -0.10 -0.00 -0.00 -0.00 -1.00
  15  T/C     0.13   -0.31  -35.68  0.10  1.00  0.00  0.99 -0.10 -0.02 -0.02  0.00 -1.00
              0.08   -0.30  -38.28  0.64  0.77 -0.01  0.77 -0.64 -0.02 -0.02  0.00 -1.00
  16  C/G     0.22    0.54  -38.24  0.64  0.77 -0.00  0.77 -0.64  0.03  0.02 -0.02 -1.00
              0.27    0.49  -40.69  0.94  0.33  0.01  0.33 -0.94  0.02  0.02 -0.02 -1.00
  17  G/A    -0.19   -0.06  -40.75  0.94  0.33  0.00  0.33 -0.94 -0.00 -0.00  0.00 -1.00
             -0.19   -0.05  -43.34  0.97 -0.23 -0.00 -0.23 -0.97 -0.00 -0.00  0.00 -1.00
  18  A/T    -0.01    0.01  -43.33  0.97 -0.24 -0.00 -0.24 -0.97 -0.00  0.00  0.00 -1.00
             -0.01    0.02  -45.88  0.69 -0.72 -0.00 -0.72 -0.69 -0.00  0.00  0.00 -1.00
  19  T/C    -0.32    0.11  -45.87  0.69 -0.73  0.00 -0.73 -0.69 -0.02  0.01  0.01 -1.00
             -0.28    0.13  -48.47  0.16 -0.99 -0.01 -0.99 -0.16 -0.02  0.01  0.01 -1.00
****************************************************************************************
Strand II helix axis

               Ox      Oy      Oz     Xx    Xy    Xz   Yx    Yy    Yz    Zx    Zy    Zz
   1  C/T     0.18   -0.26    0.06 -1.00  0.01  0.01  0.01  1.00 -0.02 -0.01 -0.02 -1.00
              0.15   -0.30   -2.54 -0.82  0.57 -0.00  0.57  0.82 -0.02 -0.01 -0.02 -1.00
   2  T/A     0.02   -0.01   -2.54 -0.82  0.57  0.00  0.57  0.82 -0.00 -0.00 -0.00 -1.00
              0.01   -0.01   -5.09 -0.38  0.93  0.00  0.93  0.38 -0.00 -0.00 -0.00 -1.00
   3  A/G    -0.02   -0.20   -5.07 -0.38  0.93  0.00  0.93  0.38 -0.00 -0.00  0.00 -1.00
             -0.04   -0.20   -7.67  0.19  0.98 -0.00  0.98 -0.19 -0.00 -0.00  0.00 -1.00
   4  G/C     0.45    0.34   -7.73  0.19  0.98 -0.01  0.98 -0.19  0.02  0.02 -0.02 -1.00
              0.50    0.30  -10.17  0.66  0.75  0.00  0.75 -0.66  0.03  0.02 -0.02 -1.00
   5  C/T    -0.31    0.04  -10.14  0.66  0.75  0.01  0.75 -0.66 -0.02 -0.01  0.02 -1.00
             -0.33    0.08  -12.74  0.97  0.25 -0.00  0.25 -0.97 -0.02 -0.01  0.02 -1.00
   6  T/A    -0.01   -0.01  -12.73  0.97  0.25  0.00  0.25 -0.97 -0.00  0.00  0.00 -1.00
             -0.01   -0.00  -15.28  0.95 -0.32  0.00 -0.32 -0.95 -0.00  0.00  0.00 -1.00
   7  A/G    -0.14    0.15  -15.27  0.95 -0.32  0.00 -0.32 -0.95 -0.00  0.00  0.00 -1.00
             -0.13    0.16  -17.86  0.62 -0.78 -0.00 -0.78 -0.62 -0.00  0.00  0.00 -1.00
   8  G/C    -0.04   -0.57  -17.92  0.62 -0.78 -0.01 -0.78 -0.62  0.02 -0.03 -0.01 -1.00
             -0.10   -0.58  -20.36  0.13 -0.99  0.00 -0.99 -0.13  0.03 -0.03 -0.01 -1.00
   9  C/T     0.23    0.21  -20.33  0.13 -0.99  0.01 -0.99 -0.13 -0.02  0.02 -0.01 -1.00
              0.28    0.20  -22.93 -0.44 -0.90 -0.00 -0.90  0.44 -0.02  0.02 -0.01 -1.00
  10  T/A     0.00    0.02  -22.92 -0.45 -0.90  0.00 -0.90  0.45 -0.00  0.00 -0.00 -1.00
              0.01    0.01  -25.47 -0.86 -0.51  0.00 -0.51  0.86 -0.00  0.00 -0.00 -1.00
  11  A/G     0.20    0.01  -25.46 -0.86 -0.51  0.00 -0.51  0.86 -0.00  0.00 -0.01 -1.00
              0.20   -0.01  -28.05 -1.00  0.04 -0.00  0.04  1.00 -0.01  0.00 -0.01 -1.00
  12  G/C    -0.40    0.39  -28.11 -1.00  0.04 -0.01  0.04  1.00  0.02  0.01  0.02 -1.00
             -0.37    0.45  -30.55 -0.84  0.55  0.00  0.55  0.84  0.03  0.01  0.02 -1.00
  13  C/T     0.01   -0.32  -30.52 -0.84  0.55  0.01  0.55  0.84 -0.02 -0.02 -0.01 -1.00
             -0.03   -0.34  -33.12 -0.39  0.92 -0.00  0.92  0.39 -0.02 -0.02 -0.01 -1.00
  14  T/A     0.01   -0.01  -33.11 -0.39  0.92  0.00  0.92  0.39 -0.00 -0.00  0.00 -1.00
              0.01   -0.01  -35.66  0.18  0.98  0.00  0.98 -0.18 -0.00 -0.00  0.00 -1.00
  15  A/G    -0.13   -0.16  -35.65  0.18  0.98  0.00  0.98 -0.18 -0.00 -0.00  0.00 -1.00
             -0.14   -0.15  -38.24  0.68  0.73 -0.00  0.73 -0.68 -0.00 -0.00  0.00 -1.00
  16  G/C     0.56    0.05  -38.30  0.68  0.73 -0.01  0.73 -0.68  0.02  0.01 -0.03 -1.00
              0.59   -0.01  -40.74  0.96  0.28  0.00  0.28 -0.96  0.03  0.01 -0.03 -1.00
  17  C/T    -0.25    0.20  -40.71  0.96  0.28  0.01  0.28 -0.96 -0.02  0.00  0.02 -1.00
             -0.24    0.24  -43.31  0.95 -0.31 -0.00 -0.31 -0.95 -0.02  0.00  0.02 -1.00
  18  T/A    -0.02   -0.00  -43.30  0.95 -0.31  0.00 -0.31 -0.95 -0.00  0.00  0.00 -1.00
             -0.01    0.00  -45.85  0.63 -0.78  0.00 -0.78 -0.63 -0.00  0.00  0.00 -1.00
  19  A/G    -0.04    0.20  -45.84  0.63 -0.78  0.00 -0.78 -0.63 -0.00  0.00  0.00 -1.00
             -0.02    0.20  -48.43  0.10 -0.99 -0.00 -0.99 -0.10 -0.00  0.00  0.00 -1.00
