  20 # base-pairs
   1 # ***local base-pair & helical parameters***
#        Shear    Stretch   Stagger   Buckle   Prop-Tw   Opening     X-disp    Y-disp    h-Rise    Incl.     Tip     h-Twist
G-C     -0.144    -0.184     0.068     0.193   -10.519    -1.293     0.000     0.000     0.000     0.000     0.000     0.000
A-T      0.005    -0.105     0.060     0.028   -10.509    -2.334    -4.243     0.024     2.596    22.024     0.222    33.563
T-A     -0.006    -0.105     0.060    -0.021   -10.510    -2.335    -4.463    -0.000     2.550    22.513    -0.001    32.851
C-G      0.144    -0.184     0.068    -0.188   -10.521    -1.298    -4.242    -0.024     2.596    22.025    -0.225    33.574
G-C     -0.144    -0.184     0.068     0.189   -10.522    -1.297    -4.913    -0.000     2.443    24.061     0.001    30.823
A-T      0.006    -0.105     0.060     0.027   -10.514    -2.349    -4.242     0.024     2.596    22.024     0.226    33.572
T-A     -0.006    -0.105     0.060    -0.029   -10.514    -2.346    -4.464    -0.000     2.550    22.513     0.001    32.849
C-G      0.144    -0.184     0.068    -0.192   -10.518    -1.286    -4.242    -0.024     2.596    22.025    -0.229    33.572
G-C     -0.145    -0.184     0.068     0.189   -10.512    -1.273    -4.914    -0.001     2.443    24.062     0.000    30.818
A-T      0.006    -0.105     0.060     0.027   -10.509    -2.332    -4.241     0.024     2.596    22.023     0.226    33.572
T-A     -0.005    -0.105     0.060    -0.024   -10.505    -2.324    -4.462    -0.000     2.549    22.518     0.003    32.861
C-G      0.144    -0.184     0.068    -0.192   -10.516    -1.292    -4.243    -0.023     2.596    22.020    -0.221    33.561
G-C     -0.144    -0.184     0.068     0.193   -10.518    -1.291    -4.912    -0.000     2.443    24.062     0.000    30.829
A-T      0.006    -0.105     0.060     0.028   -10.512    -2.336    -4.242     0.025     2.596    22.018     0.223    33.570
T-A     -0.005    -0.105     0.060    -0.025   -10.510    -2.334    -4.464     0.000     2.549    22.517    -0.003    32.849
C-G      0.144    -0.184     0.068    -0.191   -10.524    -1.296    -4.242    -0.024     2.596    22.022    -0.225    33.566
G-C     -0.144    -0.184     0.068     0.193   -10.519    -1.284    -4.912    -0.000     2.443    24.061     0.000    30.826
A-T      0.006    -0.105     0.060     0.027   -10.507    -2.339    -4.242     0.024     2.596    22.026     0.222    33.570
T-A     -0.006    -0.105     0.060    -0.026   -10.507    -2.325    -4.463    -0.000     2.550    22.517    -0.002    32.854
C-G      0.144    -0.184     0.068    -0.194   -10.519    -1.288    -4.242    -0.024     2.596    22.024    -0.220    33.565
