  20 # base-pairs
   0 # ***local base-pair & step parameters***
#        Shear    Stretch   Stagger   Buckle   Prop-Tw   Opening     Shift     Slide     Rise      Tilt      Roll      Twist
G-C     -0.144    -0.184     0.068     0.193   -10.519    -1.293     0.000     0.000     0.000     0.000     0.000     0.000
A-T      0.005    -0.105     0.060     0.028   -10.509    -2.334    -0.025    -1.347     3.305    -0.126    12.431    31.238
T-A     -0.006    -0.105     0.060    -0.021   -10.510    -2.335     0.000    -1.404     3.302     0.001    12.431    30.468
C-G      0.144    -0.184     0.068    -0.188   -10.521    -1.298     0.025    -1.347     3.305     0.127    12.435    31.247
G-C     -0.144    -0.184     0.068     0.189   -10.522    -1.297     0.000    -1.433     3.277    -0.001    12.440    28.257
A-T      0.006    -0.105     0.060     0.027   -10.514    -2.349    -0.025    -1.347     3.305    -0.128    12.434    31.246
T-A     -0.006    -0.105     0.060    -0.029   -10.514    -2.346     0.000    -1.404     3.302    -0.001    12.431    30.466
C-G      0.144    -0.184     0.068    -0.192   -10.518    -1.286     0.025    -1.347     3.305     0.129    12.435    31.246
G-C     -0.145    -0.184     0.068     0.189   -10.512    -1.273     0.000    -1.432     3.277    -0.000    12.439    28.252
A-T      0.006    -0.105     0.060     0.027   -10.509    -2.332    -0.025    -1.347     3.305    -0.127    12.434    31.246
T-A     -0.005    -0.105     0.060    -0.024   -10.505    -2.324    -0.000    -1.404     3.302    -0.001    12.438    30.476
C-G      0.144    -0.184     0.068    -0.192   -10.516    -1.292     0.025    -1.347     3.305     0.125    12.428    31.236
G-C     -0.144    -0.184     0.068     0.193   -10.518    -1.291     0.000    -1.432     3.276    -0.000    12.443    28.262
A-T      0.006    -0.105     0.060     0.028   -10.512    -2.336    -0.025    -1.347     3.305    -0.126    12.430    31.245
T-A     -0.005    -0.105     0.060    -0.025   -10.510    -2.334     0.000    -1.404     3.302     0.001    12.433    30.466
C-G      0.144    -0.184     0.068    -0.191   -10.524    -1.296     0.025    -1.347     3.305     0.127    12.431    31.240
G-C     -0.144    -0.184     0.068     0.193   -10.519    -1.284     0.000    -1.432     3.276    -0.000    12.441    28.260
A-T      0.006    -0.105     0.060     0.027   -10.507    -2.339    -0.025    -1.347     3.305    -0.126    12.435    31.244
T-A     -0.006    -0.105     0.060    -0.026   -10.507    -2.325     0.000    -1.404     3.302     0.001    12.434    30.471
C-G      0.144    -0.184     0.068    -0.194   -10.519    -1.288     0.025    -1.347     3.305     0.124    12.432    31.239
