****************************************************************************
CEHS base-pair parameters
     bp        Shear    Stretch   Stagger    Buckle  Propeller  Opening
    1 G-C      -0.14     -0.18      0.07      0.19    -10.52     -1.29
    2 A-T       0.01     -0.10      0.06      0.03    -10.51     -2.32
    3 T-A      -0.01     -0.10      0.06     -0.02    -10.51     -2.32
    4 C-G       0.14     -0.18      0.07     -0.19    -10.52     -1.29
    5 G-C      -0.14     -0.18      0.07      0.19    -10.52     -1.29
    6 A-T       0.01     -0.10      0.06      0.03    -10.52     -2.34
    7 T-A      -0.01     -0.11      0.06     -0.03    -10.52     -2.34
    8 C-G       0.14     -0.18      0.07     -0.19    -10.52     -1.28
    9 G-C      -0.14     -0.18      0.07      0.19    -10.51     -1.27
   10 A-T       0.01     -0.10      0.06      0.03    -10.51     -2.32
   11 T-A      -0.01     -0.11      0.06     -0.02    -10.51     -2.31
   12 C-G       0.14     -0.18      0.07     -0.19    -10.52     -1.29
   13 G-C      -0.14     -0.18      0.07      0.19    -10.52     -1.29
   14 A-T       0.01     -0.11      0.06      0.03    -10.51     -2.33
   15 T-A      -0.01     -0.11      0.06     -0.03    -10.51     -2.32
   16 C-G       0.14     -0.18      0.07     -0.19    -10.52     -1.29
   17 G-C      -0.14     -0.18      0.07      0.19    -10.52     -1.28
   18 A-T       0.01     -0.10      0.06      0.03    -10.51     -2.33
   19 T-A      -0.01     -0.10      0.06     -0.03    -10.51     -2.32
   20 C-G       0.14     -0.18      0.07     -0.19    -10.52     -1.28
          ~~~~~~~~~~~~~~~~~~~~~~~~~~~~~~~~~~~~~~~~~~~~~~~~~~~~~~~~~~~~
      ave.     -0.00     -0.14      0.06      0.00    -10.52     -1.80
      s.d.      0.10      0.04      0.00      0.14      0.00      0.53
****************************************************************************
CEHS base-pair step parameters
    step       Shift     Slide      Rise      Tilt      Roll     Twist
   1 GA/TC     -0.03     -1.34      3.31     -0.08     12.48     31.22
   2 AT/AT      0.00     -1.40      3.30      0.00     12.49     30.44
   3 TC/GA      0.03     -1.34      3.31      0.08     12.48     31.23
   4 CG/CG      0.00     -1.43      3.28     -0.00     12.47     28.25
   5 GA/TC     -0.03     -1.34      3.31     -0.08     12.48     31.22
   6 AT/AT      0.00     -1.40      3.30     -0.00     12.49     30.44
   7 TC/GA      0.03     -1.34      3.31      0.08     12.48     31.22
   8 CG/CG      0.00     -1.43      3.28     -0.00     12.47     28.25
   9 GA/TC     -0.03     -1.34      3.31     -0.08     12.48     31.22
  10 AT/AT     -0.00     -1.40      3.30     -0.00     12.49     30.45
  11 TC/GA      0.03     -1.34      3.31      0.08     12.47     31.22
  12 CG/CG      0.00     -1.43      3.28     -0.00     12.47     28.26
  13 GA/TC     -0.03     -1.34      3.31     -0.08     12.47     31.22
  14 AT/AT      0.00     -1.40      3.30      0.00     12.49     30.44
  15 TC/GA      0.03     -1.34      3.31      0.08     12.48     31.22
  16 CG/CG      0.00     -1.43      3.28     -0.00     12.47     28.26
  17 GA/TC     -0.03     -1.34      3.31     -0.08     12.48     31.22
  18 AT/AT      0.00     -1.40      3.30      0.00     12.49     30.45
  19 TC/GA      0.03     -1.34      3.31      0.08     12.48     31.22
          ~~~~~~~~~~~~~~~~~~~~~~~~~~~~~~~~~~~~~~~~~~~~~~~~~~~~~~~~~~~~
      ave.     -0.00     -1.38      3.30     -0.00     12.48     30.39
      s.d.      0.02      0.04      0.01      0.06      0.01      1.18
****************************************************************************
CompDNA base-pair parameters
     bp        Shear    Stretch   Stagger    Buckle  Propeller  Opening
    1 G-C      -0.14     -0.18      0.07      0.19    -10.52     -1.29
    2 A-T       0.01     -0.10      0.06      0.03    -10.51     -2.32
    3 T-A      -0.01     -0.11      0.06     -0.02    -10.51     -2.32
    4 C-G       0.14     -0.18      0.07     -0.19    -10.52     -1.29
    5 G-C      -0.14     -0.18      0.07      0.19    -10.52     -1.29
    6 A-T       0.01     -0.11      0.06      0.03    -10.51     -2.34
    7 T-A      -0.01     -0.11      0.06     -0.03    -10.51     -2.34
    8 C-G       0.14     -0.18      0.07     -0.19    -10.52     -1.28
    9 G-C      -0.14     -0.18      0.07      0.19    -10.51     -1.27
   10 A-T       0.01     -0.11      0.06      0.03    -10.51     -2.32
   11 T-A      -0.01     -0.11      0.06     -0.02    -10.50     -2.31
   12 C-G       0.14     -0.18      0.07     -0.19    -10.52     -1.29
   13 G-C      -0.14     -0.18      0.07      0.19    -10.52     -1.29
   14 A-T       0.01     -0.11      0.06      0.03    -10.51     -2.33
   15 T-A      -0.01     -0.11      0.06     -0.03    -10.51     -2.32
   16 C-G       0.14     -0.18      0.07     -0.19    -10.52     -1.29
   17 G-C      -0.14     -0.18      0.07      0.19    -10.52     -1.28
   18 A-T       0.01     -0.10      0.06      0.03    -10.51     -2.33
   19 T-A      -0.01     -0.10      0.06     -0.03    -10.51     -2.32
   20 C-G       0.14     -0.18      0.07     -0.19    -10.52     -1.28
          ~~~~~~~~~~~~~~~~~~~~~~~~~~~~~~~~~~~~~~~~~~~~~~~~~~~~~~~~~~~~
      ave.     -0.00     -0.14      0.06      0.00    -10.51     -1.80
      s.d.      0.10      0.04      0.00      0.14      0.01      0.53
****************************************************************************
CompDNA base-pair step parameters
    step       Shift     Slide      Rise      Tilt      Roll     Twist
   1 GA/TC     -0.03     -1.35      3.31     -0.12     12.43     31.06
   2 AT/AT      0.00     -1.40      3.30      0.00     12.43     30.30
   3 TC/GA      0.03     -1.35      3.31      0.13     12.44     31.07
   4 CG/CG      0.00     -1.43      3.28     -0.00     12.44     28.11
   5 GA/TC     -0.03     -1.35      3.31     -0.13     12.43     31.07
   6 AT/AT      0.00     -1.40      3.30     -0.00     12.43     30.29
   7 TC/GA      0.03     -1.35      3.31      0.13     12.43     31.07
   8 CG/CG      0.00     -1.43      3.28     -0.00     12.44     28.10
   9 GA/TC     -0.03     -1.35      3.31     -0.13     12.43     31.07
  10 AT/AT     -0.00     -1.40      3.30     -0.00     12.44     30.30
  11 TC/GA      0.02     -1.35      3.31      0.12     12.43     31.06
  12 CG/CG      0.00     -1.43      3.28      0.00     12.44     28.11
  13 GA/TC     -0.03     -1.35      3.31     -0.12     12.43     31.07
  14 AT/AT      0.00     -1.40      3.30      0.00     12.43     30.29
  15 TC/GA      0.02     -1.35      3.31      0.13     12.43     31.06
  16 CG/CG      0.00     -1.43      3.28     -0.00     12.44     28.11
  17 GA/TC     -0.03     -1.35      3.31     -0.12     12.43     31.07
  18 AT/AT      0.00     -1.40      3.30      0.00     12.43     30.30
  19 TC/GA      0.02     -1.35      3.31      0.12     12.43     31.06
          ~~~~~~~~~~~~~~~~~~~~~~~~~~~~~~~~~~~~~~~~~~~~~~~~~~~~~~~~~~~~
      ave.     -0.00     -1.38      3.30      0.00     12.43     30.24
      s.d.      0.02      0.04      0.01      0.09      0.00      1.18
****************************************************************************
Curves base-pair parameters (by Xiang-Jun Lu)
     bp        Shear    Stretch   Stagger    Buckle  Propeller  Opening
    1 G-C      -0.14     -0.18      0.07      0.19    -10.52     -1.29
    2 A-T       0.01     -0.10      0.06      0.03    -10.51     -2.33
    3 T-A      -0.01     -0.11      0.06     -0.02    -10.51     -2.33
    4 C-G       0.14     -0.18      0.07     -0.19    -10.52     -1.30
    5 G-C      -0.14     -0.18      0.07      0.19    -10.52     -1.30
    6 A-T       0.01     -0.11      0.06      0.03    -10.51     -2.35
    7 T-A      -0.01     -0.11      0.06     -0.03    -10.51     -2.35
    8 C-G       0.14     -0.18      0.07     -0.19    -10.52     -1.29
    9 G-C      -0.14     -0.18      0.07      0.19    -10.51     -1.27
   10 A-T       0.01     -0.11      0.06      0.03    -10.51     -2.33
   11 T-A      -0.01     -0.11      0.06     -0.02    -10.50     -2.32
   12 C-G       0.14     -0.18      0.07     -0.19    -10.52     -1.29
   13 G-C      -0.14     -0.18      0.07      0.19    -10.52     -1.29
   14 A-T       0.01     -0.11      0.06      0.03    -10.51     -2.34
   15 T-A      -0.01     -0.11      0.06     -0.03    -10.51     -2.33
   16 C-G       0.14     -0.18      0.07     -0.19    -10.52     -1.30
   17 G-C      -0.14     -0.18      0.07      0.19    -10.52     -1.28
   18 A-T       0.01     -0.10      0.06      0.03    -10.51     -2.34
   19 T-A      -0.01     -0.10      0.06     -0.03    -10.51     -2.32
   20 C-G       0.14     -0.18      0.07     -0.19    -10.52     -1.29
          ~~~~~~~~~~~~~~~~~~~~~~~~~~~~~~~~~~~~~~~~~~~~~~~~~~~~~~~~~~~~
      ave.     -0.00     -0.14      0.06      0.00    -10.51     -1.81
      s.d.      0.10      0.04      0.00      0.14      0.01      0.54
****************************************************************************
Curves base-pair step parameters
    step       Shift     Slide      Rise      Tilt      Roll     Twist
   1 GA/TC     -0.02     -1.35      3.32     -0.13     12.43     31.24
   2 AT/AT      0.00     -1.40      3.32      0.00     12.43     30.47
   3 TC/GA      0.02     -1.35      3.32      0.13     12.44     31.25
   4 CG/CG      0.00     -1.43      3.30     -0.00     12.44     28.25
   5 GA/TC     -0.03     -1.35      3.32     -0.13     12.43     31.25
   6 AT/AT      0.00     -1.40      3.32     -0.00     12.43     30.47
   7 TC/GA      0.03     -1.35      3.32      0.13     12.43     31.25
   8 CG/CG      0.00     -1.43      3.30     -0.00     12.44     28.24
   9 GA/TC     -0.03     -1.35      3.32     -0.13     12.43     31.25
  10 AT/AT     -0.00     -1.40      3.32     -0.00     12.44     30.48
  11 TC/GA      0.02     -1.35      3.32      0.13     12.43     31.24
  12 CG/CG      0.00     -1.43      3.30     -0.00     12.44     28.25
  13 GA/TC     -0.03     -1.35      3.32     -0.13     12.43     31.25
  14 AT/AT      0.00     -1.40      3.32      0.00     12.43     30.47
  15 TC/GA      0.02     -1.35      3.32      0.13     12.43     31.24
  16 CG/CG      0.00     -1.43      3.30     -0.00     12.44     28.25
  17 GA/TC     -0.03     -1.35      3.32     -0.13     12.43     31.25
  18 AT/AT      0.00     -1.40      3.32      0.00     12.43     30.47
  19 TC/GA      0.02     -1.35      3.32      0.13     12.43     31.24
          ~~~~~~~~~~~~~~~~~~~~~~~~~~~~~~~~~~~~~~~~~~~~~~~~~~~~~~~~~~~~
      ave.     -0.00     -1.38      3.32      0.00     12.43     30.41
      s.d.      0.02      0.04      0.01      0.10      0.00      1.19
****************************************************************************
FreeHelix base-pair parameters (by Xiang-Jun Lu)
     bp        Shear    Stretch   Stagger    Buckle  Propeller  Opening
    1 G-C      -0.14     -0.18      0.07      0.19    -10.52     -1.29
    2 A-T       0.01     -0.10      0.06      0.03    -10.51     -2.32
    3 T-A      -0.01     -0.11      0.06     -0.02    -10.51     -2.32
    4 C-G       0.14     -0.18      0.07     -0.19    -10.52     -1.29
    5 G-C      -0.14     -0.18      0.07      0.19    -10.52     -1.29
    6 A-T       0.01     -0.11      0.06      0.03    -10.51     -2.34
    7 T-A      -0.01     -0.11      0.06     -0.03    -10.51     -2.34
    8 C-G       0.14     -0.18      0.07     -0.19    -10.52     -1.28
    9 G-C      -0.14     -0.18      0.07      0.19    -10.51     -1.27
   10 A-T       0.01     -0.11      0.06      0.03    -10.51     -2.32
   11 T-A      -0.01     -0.11      0.06     -0.02    -10.50     -2.31
   12 C-G       0.14     -0.18      0.07     -0.19    -10.52     -1.29
   13 G-C      -0.14     -0.18      0.07      0.19    -10.52     -1.29
   14 A-T       0.01     -0.11      0.06      0.03    -10.51     -2.33
   15 T-A      -0.01     -0.11      0.06     -0.03    -10.51     -2.32
   16 C-G       0.14     -0.18      0.07     -0.19    -10.52     -1.29
   17 G-C      -0.14     -0.18      0.07      0.19    -10.52     -1.28
   18 A-T       0.01     -0.10      0.06      0.03    -10.51     -2.33
   19 T-A      -0.01     -0.10      0.06     -0.03    -10.51     -2.32
   20 C-G       0.14     -0.18      0.07     -0.19    -10.52     -1.28
          ~~~~~~~~~~~~~~~~~~~~~~~~~~~~~~~~~~~~~~~~~~~~~~~~~~~~~~~~~~~~
      ave.     -0.00     -0.14      0.06      0.00    -10.51     -1.80
      s.d.      0.10      0.04      0.00      0.14      0.01      0.53
****************************************************************************
FreeHelix base-pair step parameters
    step       Shift     Slide      Rise      Tilt      Roll     Twist
   1 GA/TC     -0.03     -1.35      3.31     -0.12     12.43     31.06
   2 AT/AT      0.00     -1.40      3.30      0.00     12.43     30.30
   3 TC/GA      0.03     -1.35      3.31      0.13     12.44     31.07
   4 CG/CG      0.00     -1.43      3.28     -0.00     12.44     28.11
   5 GA/TC     -0.03     -1.35      3.31     -0.13     12.43     31.07
   6 AT/AT      0.00     -1.40      3.30     -0.00     12.43     30.29
   7 TC/GA      0.03     -1.35      3.31      0.13     12.43     31.07
   8 CG/CG      0.00     -1.43      3.28     -0.00     12.44     28.10
   9 GA/TC     -0.03     -1.35      3.31     -0.13     12.43     31.07
  10 AT/AT     -0.00     -1.40      3.30     -0.00     12.44     30.30
  11 TC/GA      0.02     -1.35      3.31      0.12     12.43     31.06
  12 CG/CG      0.00     -1.43      3.28      0.00     12.44     28.11
  13 GA/TC     -0.03     -1.35      3.31     -0.13     12.43     31.07
  14 AT/AT      0.00     -1.40      3.30      0.00     12.43     30.29
  15 TC/GA      0.02     -1.35      3.31      0.13     12.43     31.06
  16 CG/CG      0.00     -1.43      3.28     -0.00     12.44     28.11
  17 GA/TC     -0.03     -1.35      3.31     -0.12     12.43     31.07
  18 AT/AT      0.00     -1.40      3.30      0.00     12.43     30.30
  19 TC/GA      0.02     -1.35      3.31      0.12     12.43     31.06
          ~~~~~~~~~~~~~~~~~~~~~~~~~~~~~~~~~~~~~~~~~~~~~~~~~~~~~~~~~~~~
      ave.     -0.00     -1.38      3.30      0.00     12.43     30.24
      s.d.      0.02      0.04      0.01      0.09      0.00      1.18
****************************************************************************
NGEOM base-pair parameters
     bp        Shear    Stretch   Stagger    Buckle  Propeller  Opening
    1 G-C      -0.14     -0.18      0.07      0.19    -10.52     -1.29
    2 A-T       0.01     -0.10      0.06      0.03    -10.51     -2.33
    3 T-A      -0.01     -0.10      0.06     -0.02    -10.51     -2.33
    4 C-G       0.14     -0.18      0.07     -0.19    -10.52     -1.30
    5 G-C      -0.14     -0.18      0.07      0.19    -10.52     -1.30
    6 A-T       0.01     -0.11      0.06      0.03    -10.51     -2.35
    7 T-A      -0.01     -0.11      0.06     -0.03    -10.51     -2.35
    8 C-G       0.14     -0.18      0.07     -0.19    -10.52     -1.29
    9 G-C      -0.14     -0.18      0.07      0.19    -10.51     -1.27
   10 A-T       0.01     -0.10      0.06      0.03    -10.51     -2.33
   11 T-A      -0.01     -0.11      0.06     -0.02    -10.50     -2.32
   12 C-G       0.14     -0.18      0.07     -0.19    -10.52     -1.29
   13 G-C      -0.14     -0.18      0.07      0.19    -10.52     -1.29
   14 A-T       0.01     -0.11      0.06      0.03    -10.51     -2.34
   15 T-A      -0.01     -0.11      0.06     -0.03    -10.51     -2.33
   16 C-G       0.14     -0.18      0.07     -0.19    -10.52     -1.30
   17 G-C      -0.14     -0.18      0.07      0.19    -10.52     -1.28
   18 A-T       0.01     -0.10      0.06      0.03    -10.51     -2.34
   19 T-A      -0.01     -0.10      0.06     -0.03    -10.51     -2.32
   20 C-G       0.14     -0.18      0.07     -0.19    -10.52     -1.29
          ~~~~~~~~~~~~~~~~~~~~~~~~~~~~~~~~~~~~~~~~~~~~~~~~~~~~~~~~~~~~
      ave.     -0.00     -0.14      0.06      0.00    -10.51     -1.81
      s.d.      0.10      0.04      0.00      0.14      0.01      0.54
****************************************************************************
NGEOM base-pair step parameters
    step       Shift     Slide      Rise      Tilt      Roll     Twist
   1 GA/TC     -0.03     -1.30      3.32     -0.13     12.43     31.24
   2 AT/AT      0.00     -1.36      3.32      0.00     12.43     30.47
   3 TC/GA      0.03     -1.30      3.32      0.13     12.44     31.25
   4 CG/CG      0.00     -1.39      3.30     -0.00     12.44     28.26
   5 GA/TC     -0.03     -1.30      3.32     -0.13     12.43     31.25
   6 AT/AT      0.00     -1.36      3.32     -0.00     12.43     30.47
   7 TC/GA      0.03     -1.30      3.32      0.13     12.43     31.25
   8 CG/CG      0.00     -1.39      3.30     -0.00     12.44     28.25
   9 GA/TC     -0.03     -1.30      3.32     -0.13     12.43     31.25
  10 AT/AT     -0.00     -1.36      3.32     -0.00     12.44     30.48
  11 TC/GA      0.03     -1.30      3.32      0.12     12.43     31.24
  12 CG/CG      0.00     -1.39      3.30     -0.00     12.44     28.26
  13 GA/TC     -0.03     -1.30      3.32     -0.13     12.43     31.25
  14 AT/AT      0.00     -1.36      3.32      0.00     12.43     30.47
  15 TC/GA      0.03     -1.30      3.32      0.13     12.43     31.24
  16 CG/CG      0.00     -1.39      3.30     -0.00     12.44     28.26
  17 GA/TC     -0.03     -1.30      3.32     -0.13     12.43     31.24
  18 AT/AT      0.00     -1.36      3.32      0.00     12.43     30.47
  19 TC/GA      0.03     -1.30      3.32      0.12     12.43     31.24
          ~~~~~~~~~~~~~~~~~~~~~~~~~~~~~~~~~~~~~~~~~~~~~~~~~~~~~~~~~~~~
      ave.     -0.00     -1.33      3.32      0.00     12.43     30.41
      s.d.      0.02      0.04      0.01      0.09      0.00      1.19
****************************************************************************
NUPARM base-pair parameters
     bp        Shear    Stretch   Stagger    Buckle  Propeller  Opening
    1 G-C      -0.14     -0.18      0.07      0.19    -10.52     -1.29
    2 A-T       0.01     -0.10      0.06      0.03    -10.51     -2.32
    3 T-A      -0.01     -0.10      0.06     -0.02    -10.51     -2.32
    4 C-G       0.14     -0.18      0.07     -0.19    -10.52     -1.29
    5 G-C      -0.14     -0.18      0.07      0.19    -10.52     -1.29
    6 A-T       0.01     -0.10      0.06      0.03    -10.52     -2.34
    7 T-A      -0.01     -0.11      0.06     -0.03    -10.52     -2.34
    8 C-G       0.14     -0.18      0.07     -0.19    -10.52     -1.28
    9 G-C      -0.14     -0.18      0.07      0.19    -10.51     -1.27
   10 A-T       0.01     -0.10      0.06      0.03    -10.51     -2.32
   11 T-A      -0.01     -0.11      0.06     -0.02    -10.51     -2.31
   12 C-G       0.14     -0.18      0.07     -0.19    -10.52     -1.29
   13 G-C      -0.14     -0.18      0.07      0.19    -10.52     -1.29
   14 A-T       0.01     -0.11      0.06      0.03    -10.51     -2.33
   15 T-A      -0.01     -0.11      0.06     -0.03    -10.51     -2.32
   16 C-G       0.14     -0.18      0.07     -0.19    -10.52     -1.29
   17 G-C      -0.14     -0.18      0.07      0.19    -10.52     -1.28
   18 A-T       0.01     -0.10      0.06      0.03    -10.51     -2.33
   19 T-A      -0.01     -0.10      0.06     -0.03    -10.51     -2.32
   20 C-G       0.14     -0.18      0.07     -0.19    -10.52     -1.28
          ~~~~~~~~~~~~~~~~~~~~~~~~~~~~~~~~~~~~~~~~~~~~~~~~~~~~~~~~~~~~
      ave.     -0.00     -0.14      0.06      0.00    -10.52     -1.80
      s.d.      0.10      0.04      0.00      0.14      0.00      0.53
****************************************************************************
NUPARM base-pair step parameters
    step       Shift     Slide      Rise      Tilt      Roll     Twist
   1 GA/TC     -0.03     -1.24      3.35     -0.08     12.95     31.03
   2 AT/AT      0.00     -1.30      3.34      0.00     12.94     30.26
   3 TC/GA      0.03     -1.24      3.35      0.08     12.95     31.04
   4 CG/CG      0.00     -1.34      3.32     -0.00     12.86     28.08
   5 GA/TC     -0.03     -1.24      3.35     -0.08     12.95     31.03
   6 AT/AT      0.00     -1.30      3.34     -0.00     12.94     30.26
   7 TC/GA      0.03     -1.24      3.35      0.09     12.95     31.03
   8 CG/CG      0.00     -1.34      3.32     -0.00     12.85     28.08
   9 GA/TC     -0.03     -1.24      3.35     -0.08     12.95     31.03
  10 AT/AT     -0.00     -1.30      3.34     -0.00     12.94     30.27
  11 TC/GA      0.03     -1.24      3.35      0.08     12.95     31.03
  12 CG/CG      0.00     -1.34      3.32     -0.00     12.86     28.09
  13 GA/TC     -0.03     -1.24      3.35     -0.08     12.95     31.03
  14 AT/AT      0.00     -1.30      3.34      0.00     12.94     30.26
  15 TC/GA      0.03     -1.24      3.35      0.08     12.95     31.03
  16 CG/CG      0.00     -1.34      3.32     -0.00     12.86     28.09
  17 GA/TC     -0.03     -1.24      3.35     -0.08     12.95     31.03
  18 AT/AT      0.00     -1.30      3.34      0.00     12.94     30.26
  19 TC/GA      0.03     -1.24      3.35      0.08     12.95     31.03
          ~~~~~~~~~~~~~~~~~~~~~~~~~~~~~~~~~~~~~~~~~~~~~~~~~~~~~~~~~~~~
      ave.     -0.00     -1.28      3.34     -0.00     12.93     30.21
      s.d.      0.02      0.04      0.01      0.06      0.04      1.18
****************************************************************************
NUPARM base-pair helical parameters
    step       X-disp    Y-disp   h-Rise     Incl.       Tip   h-Twist
   1 GA/TC     -4.57      0.04      2.62     22.10      0.14     33.56
   2 AT/AT     -4.83     -0.00      2.57     22.62     -0.00     32.85
   3 TC/GA     -4.57     -0.04      2.62     22.10     -0.14     33.57
   4 CG/CG     -5.37     -0.00      2.47     24.13      0.00     30.83
   5 GA/TC     -4.57      0.04      2.62     22.10      0.14     33.57
   6 AT/AT     -4.83     -0.00      2.58     22.62      0.00     32.85
   7 TC/GA     -4.57     -0.04      2.62     22.10     -0.14     33.57
   8 CG/CG     -5.37     -0.00      2.47     24.13      0.00     30.83
   9 GA/TC     -4.57      0.04      2.62     22.10      0.14     33.57
  10 AT/AT     -4.82     -0.00      2.57     22.62      0.00     32.86
  11 TC/GA     -4.57     -0.04      2.62     22.10     -0.14     33.56
  12 CG/CG     -5.37     -0.00      2.47     24.13      0.00     30.84
  13 GA/TC     -4.57      0.04      2.62     22.10      0.14     33.56
  14 AT/AT     -4.83      0.00      2.57     22.62     -0.00     32.85
  15 TC/GA     -4.57     -0.04      2.62     22.10     -0.14     33.56
  16 CG/CG     -5.37     -0.00      2.47     24.13      0.00     30.84
  17 GA/TC     -4.57      0.04      2.62     22.11      0.14     33.57
  18 AT/AT     -4.83     -0.00      2.57     22.62     -0.00     32.85
  19 TC/GA     -4.57     -0.04      2.62     22.10     -0.14     33.56
          ~~~~~~~~~~~~~~~~~~~~~~~~~~~~~~~~~~~~~~~~~~~~~~~~~~~~~~~~~~~~
      ave.     -4.81      0.00      2.58     22.67      0.00     32.80
      s.d.      0.32      0.03      0.06      0.81      0.10      1.09
****************************************************************************
RNA base-pair parameters
     bp        Shear    Stretch   Stagger    Buckle  Propeller  Opening
    1 G-C      -0.14     -0.18      0.07      0.19    -10.52     -1.29
    2 A-T       0.01     -0.11      0.06      0.03    -10.51     -2.33
    3 T-A      -0.01     -0.11      0.06     -0.02    -10.51     -2.33
    4 C-G       0.14     -0.18      0.07     -0.19    -10.52     -1.29
    5 G-C      -0.14     -0.18      0.07      0.19    -10.52     -1.29
    6 A-T       0.01     -0.11      0.06      0.03    -10.52     -2.34
    7 T-A      -0.01     -0.11      0.06     -0.03    -10.52     -2.34
    8 C-G       0.14     -0.18      0.07     -0.19    -10.52     -1.28
    9 G-C      -0.15     -0.18      0.07      0.19    -10.51     -1.27
   10 A-T       0.01     -0.11      0.06      0.03    -10.51     -2.33
   11 T-A      -0.01     -0.11      0.06     -0.02    -10.51     -2.32
   12 C-G       0.14     -0.18      0.07     -0.19    -10.52     -1.29
   13 G-C      -0.14     -0.18      0.07      0.19    -10.52     -1.29
   14 A-T       0.01     -0.11      0.06      0.03    -10.51     -2.33
   15 T-A      -0.01     -0.11      0.06     -0.03    -10.51     -2.33
   16 C-G       0.14     -0.18      0.07     -0.19    -10.52     -1.29
   17 G-C      -0.14     -0.18      0.07      0.19    -10.52     -1.28
   18 A-T       0.01     -0.11      0.06      0.03    -10.51     -2.33
   19 T-A      -0.01     -0.11      0.06     -0.03    -10.51     -2.32
   20 C-G       0.14     -0.18      0.07     -0.19    -10.52     -1.28
          ~~~~~~~~~~~~~~~~~~~~~~~~~~~~~~~~~~~~~~~~~~~~~~~~~~~~~~~~~~~~
      ave.     -0.00     -0.15      0.07      0.00    -10.51     -1.81
      s.d.      0.10      0.04      0.00      0.14      0.01      0.53
****************************************************************************
RNA base-pair step parameters
    step       Shift     Slide      Rise      Tilt      Roll     Twist
   1 GA/TC     -0.01     -1.28      3.32     -0.10     12.61     31.10
   2 AT/AT      0.00     -1.33      3.31      0.00     12.61     30.34
   3 TC/GA      0.01     -1.28      3.32      0.11     12.61     31.11
   4 CG/CG      0.00     -1.38      3.30     -0.00     12.58     28.14
   5 GA/TC     -0.01     -1.28      3.32     -0.11     12.61     31.11
   6 AT/AT      0.00     -1.33      3.31     -0.00     12.61     30.33
   7 TC/GA      0.01     -1.28      3.32      0.11     12.61     31.11
   8 CG/CG      0.00     -1.38      3.30     -0.00     12.58     28.13
   9 GA/TC     -0.01     -1.28      3.32     -0.11     12.61     31.11
  10 AT/AT     -0.00     -1.33      3.31     -0.00     12.61     30.34
  11 TC/GA      0.01     -1.28      3.32      0.10     12.61     31.10
  12 CG/CG     -0.00     -1.38      3.30     -0.00     12.59     28.14
  13 GA/TC     -0.01     -1.28      3.32     -0.10     12.61     31.11
  14 AT/AT      0.00     -1.33      3.31      0.00     12.61     30.33
  15 TC/GA      0.01     -1.28      3.32      0.11     12.61     31.11
  16 CG/CG      0.00     -1.38      3.30     -0.00     12.58     28.14
  17 GA/TC     -0.01     -1.28      3.32     -0.10     12.61     31.11
  18 AT/AT      0.00     -1.33      3.31      0.00     12.61     30.34
  19 TC/GA      0.01     -1.28      3.32      0.10     12.61     31.11
          ~~~~~~~~~~~~~~~~~~~~~~~~~~~~~~~~~~~~~~~~~~~~~~~~~~~~~~~~~~~~
      ave.     -0.00     -1.31      3.31     -0.00     12.60     30.28
      s.d.      0.01      0.04      0.01      0.08      0.01      1.18
****************************************************************************
RNA base-pair helical parameters
    step       X-disp    Y-disp   h-Rise     Incl.       Tip   h-Twist
   1 GA/TC     -4.21     -0.00      2.59     22.07      0.18     33.56
   2 AT/AT     -4.43     -0.00      2.55     22.57     -0.00     32.85
   3 TC/GA     -4.21      0.00      2.59     22.07     -0.18     33.57
   4 CG/CG     -4.90     -0.00      2.45     24.09      0.00     30.82
   5 GA/TC     -4.21      0.00      2.59     22.06      0.19     33.57
   6 AT/AT     -4.43     -0.00      2.55     22.57      0.00     32.85
   7 TC/GA     -4.21      0.00      2.59     22.07     -0.19     33.57
   8 CG/CG     -4.90     -0.00      2.45     24.09      0.00     30.82
   9 GA/TC     -4.21     -0.00      2.59     22.06      0.18     33.57
  10 AT/AT     -4.43      0.00      2.55     22.57      0.00     32.86
  11 TC/GA     -4.21      0.00      2.59     22.06     -0.18     33.56
  12 CG/CG     -4.90      0.00      2.45     24.09      0.00     30.83
  13 GA/TC     -4.21      0.00      2.59     22.06      0.18     33.57
  14 AT/AT     -4.43      0.00      2.55     22.57     -0.00     32.85
  15 TC/GA     -4.21      0.00      2.59     22.06     -0.18     33.57
  16 CG/CG     -4.90     -0.00      2.45     24.09      0.00     30.83
  17 GA/TC     -4.21      0.00      2.59     22.07      0.18     33.57
  18 AT/AT     -4.43      0.00      2.55     22.57     -0.00     32.85
  19 TC/GA     -4.21      0.00      2.59     22.07     -0.18     33.56
          ~~~~~~~~~~~~~~~~~~~~~~~~~~~~~~~~~~~~~~~~~~~~~~~~~~~~~~~~~~~~
      ave.     -4.41      0.00      2.55     22.62      0.00     32.80
      s.d.      0.27      0.00      0.06      0.81      0.14      1.09
****************************************************************************
Strand I base step parameters
    step       Shift     Slide      Rise      Tilt      Roll     Twist
   1  G/A      -0.53     -1.27      3.38      2.44     12.66     30.47
   2  A/T      -0.58     -1.35      3.38      2.50     12.63     30.22
   3  T/C      -0.51     -1.31      3.38      2.70     12.61     31.51
   4  C/G      -0.64     -1.39      3.37      2.62     12.60     28.02
   5  G/A      -0.53     -1.27      3.38      2.44     12.66     30.47
   6  A/T      -0.58     -1.35      3.38      2.49     12.63     30.22
   7  T/C      -0.51     -1.31      3.38      2.71     12.61     31.52
   8  C/G      -0.64     -1.39      3.37      2.62     12.60     28.02
   9  G/A      -0.53     -1.27      3.38      2.44     12.65     30.47
  10  A/T      -0.58     -1.35      3.38      2.50     12.64     30.23
  11  T/C      -0.51     -1.31      3.38      2.70     12.60     31.50
  12  C/G      -0.64     -1.39      3.37      2.63     12.60     28.02
  13  G/A      -0.53     -1.27      3.38      2.44     12.65     30.47
  14  A/T      -0.58     -1.35      3.38      2.50     12.63     30.22
  15  T/C      -0.51     -1.31      3.38      2.70     12.60     31.51
  16  C/G      -0.64     -1.39      3.37      2.63     12.60     28.03
  17  G/A      -0.53     -1.27      3.38      2.44     12.66     30.47
  18  A/T      -0.58     -1.35      3.38      2.50     12.64     30.23
  19  T/C      -0.51     -1.31      3.38      2.70     12.60     31.50
          ~~~~~~~~~~~~~~~~~~~~~~~~~~~~~~~~~~~~~~~~~~~~~~~~~~~~~~~~~~~~
      ave.     -0.56     -1.33      3.38      2.56     12.62     30.16
      s.d.      0.05      0.04      0.00      0.11      0.02      1.24
****************************************************************************
Strand I base helical parameters
    step       X-disp    Y-disp   h-Rise     Incl.       Tip   h-Twist
   1  G/A      -4.32     -0.47      2.59     22.52     -4.35     33.08
   2  A/T      -4.49     -0.37      2.55     22.64     -4.48     32.85
   3  T/C      -4.20     -0.51      2.60     21.76     -4.66     34.05
   4  C/G      -4.95     -0.11      2.44     24.15     -5.02     30.83
   5  G/A      -4.32     -0.47      2.59     22.52     -4.35     33.09
   6  A/T      -4.49     -0.37      2.55     22.64     -4.47     32.85
   7  T/C      -4.20     -0.51      2.60     21.75     -4.67     34.06
   8  C/G      -4.95     -0.11      2.44     24.15     -5.03     30.83
   9  G/A      -4.32     -0.47      2.59     22.51     -4.35     33.08
  10  A/T      -4.48     -0.37      2.55     22.65     -4.47     32.86
  11  T/C      -4.21     -0.51      2.60     21.75     -4.66     34.03
  12  C/G      -4.95     -0.11      2.44     24.15     -5.03     30.84
  13  G/A      -4.32     -0.47      2.59     22.51     -4.35     33.09
  14  A/T      -4.49     -0.37      2.55     22.65     -4.48     32.85
  15  T/C      -4.20     -0.51      2.60     21.75     -4.66     34.04
  16  C/G      -4.95     -0.11      2.44     24.15     -5.03     30.84
  17  G/A      -4.32     -0.47      2.59     22.52     -4.34     33.08
  18  A/T      -4.48     -0.37      2.55     22.64     -4.48     32.86
  19  T/C      -4.20     -0.51      2.60     21.75     -4.66     34.04
          ~~~~~~~~~~~~~~~~~~~~~~~~~~~~~~~~~~~~~~~~~~~~~~~~~~~~~~~~~~~~
      ave.     -4.46     -0.38      2.55     22.69     -4.61     32.80
      s.d.      0.28      0.15      0.06      0.85      0.25      1.14
****************************************************************************
Strand II base step parameters
    step       Shift     Slide      Rise      Tilt      Roll     Twist
   1  C/T       0.51     -1.31      3.38     -2.70     12.60     31.51
   2  T/A       0.58     -1.35      3.38     -2.50     12.63     30.22
   3  A/G       0.53     -1.27      3.38     -2.44     12.66     30.48
   4  G/C       0.64     -1.39      3.37     -2.62     12.60     28.02
   5  C/T       0.51     -1.31      3.38     -2.70     12.61     31.52
   6  T/A       0.58     -1.35      3.38     -2.50     12.63     30.22
   7  A/G       0.53     -1.27      3.38     -2.44     12.66     30.47
   8  G/C       0.64     -1.39      3.37     -2.62     12.59     28.01
   9  C/T       0.51     -1.31      3.38     -2.70     12.61     31.52
  10  T/A       0.58     -1.35      3.38     -2.50     12.64     30.23
  11  A/G       0.53     -1.27      3.38     -2.44     12.65     30.47
  12  G/C       0.64     -1.39      3.37     -2.63     12.60     28.02
  13  C/T       0.51     -1.31      3.38     -2.70     12.60     31.51
  14  T/A       0.58     -1.35      3.38     -2.50     12.63     30.22
  15  A/G       0.53     -1.27      3.38     -2.44     12.66     30.47
  16  G/C       0.64     -1.39      3.37     -2.63     12.60     28.01
  17  C/T       0.51     -1.31      3.38     -2.70     12.60     31.52
  18  T/A       0.58     -1.35      3.38     -2.50     12.63     30.22
  19  A/G       0.53     -1.27      3.38     -2.44     12.66     30.47
          ~~~~~~~~~~~~~~~~~~~~~~~~~~~~~~~~~~~~~~~~~~~~~~~~~~~~~~~~~~~~
      ave.      0.56     -1.33      3.38     -2.56     12.62     30.16
      s.d.      0.05      0.04      0.00      0.11      0.02      1.25
****************************************************************************
Strand II base helical parameters
    step       X-disp    Y-disp   h-Rise     Incl.       Tip   h-Twist
   1  C/T      -4.20      0.51      2.60     21.75      4.66     34.04
   2  T/A      -4.49      0.37      2.55     22.64      4.48     32.85
   3  A/G      -4.32      0.47      2.59     22.51      4.34     33.09
   4  G/C      -4.95      0.11      2.44     24.15      5.03     30.83
   5  C/T      -4.20      0.51      2.60     21.75      4.67     34.05
   6  T/A      -4.49      0.37      2.55     22.64      4.47     32.85
   7  A/G      -4.32      0.47      2.59     22.52      4.34     33.08
   8  G/C      -4.95      0.11      2.44     24.15      5.03     30.82
   9  C/T      -4.20      0.51      2.60     21.75      4.67     34.06
  10  T/A      -4.48      0.37      2.55     22.64      4.48     32.86
  11  A/G      -4.32      0.47      2.59     22.51      4.34     33.08
  12  G/C      -4.95      0.11      2.44     24.15      5.03     30.84
  13  C/T      -4.20      0.51      2.60     21.75      4.66     34.05
  14  T/A      -4.49      0.37      2.55     22.64      4.47     32.85
  15  A/G      -4.32      0.47      2.59     22.51      4.34     33.09
  16  G/C      -4.95      0.11      2.44     24.15      5.04     30.83
  17  C/T      -4.20      0.51      2.60     21.75      4.66     34.05
  18  T/A      -4.49      0.37      2.55     22.65      4.47     32.85
  19  A/G      -4.32      0.47      2.59     22.52      4.35     33.09
          ~~~~~~~~~~~~~~~~~~~~~~~~~~~~~~~~~~~~~~~~~~~~~~~~~~~~~~~~~~~~
      ave.     -4.46      0.38      2.55     22.69      4.61     32.80
      s.d.      0.28      0.15      0.06      0.85      0.26      1.15
