Strand I
  base    alpha    beta   gamma   delta  epsilon   zeta    chi
   1 G     ---    174.8    41.7    79.0  -147.8   -75.1  -157.2
   2 A    -51.7   174.8    41.7    79.1  -147.8   -75.1  -157.2
   3 T    -51.7   174.8    41.7    79.1  -147.8   -75.1  -157.2
   4 C    -51.7   174.8    41.7    79.1  -147.8   -75.1  -157.2
   5 G    -51.7   174.8    41.7    79.1  -147.8   -75.1  -157.2
   6 A    -51.7   174.8    41.7    79.0  -147.8   -75.1  -157.2
   7 T    -51.7   174.8    41.7    79.1  -147.8   -75.1  -157.2
   8 C    -51.7   174.8    41.7    79.0  -147.8   -75.0  -157.2
   9 G    -51.7   174.8    41.7    79.1  -147.8   -75.1  -157.2
  10 A    -51.7   174.8    41.7    79.1  -147.8   -75.1  -157.2
  11 T    -51.7   174.8    41.7    79.1  -147.8   -75.1  -157.2
  12 C    -51.7   174.8    41.7    79.1  -147.7   -75.1  -157.2
  13 G    -51.7   174.8    41.7    79.1  -147.8   -75.1  -157.2
  14 A    -51.7   174.8    41.7    79.1  -147.8   -75.1  -157.2
  15 T    -51.7   174.8    41.7    79.1  -147.8   -75.1  -157.2
  16 C    -51.7   174.8    41.7    79.1  -147.8   -75.1  -157.2
  17 G    -51.7   174.8    41.7    79.0  -147.8   -75.1  -157.2
  18 A    -51.7   174.8    41.7    79.1  -147.8   -75.1  -157.2
  19 T    -51.7   174.8    41.7    79.1  -147.8   -75.1  -157.2
  20 C    -51.7   174.8    41.7    79.1    ---     ---   -157.2

