Reference frame: Origins (Ox, Oy, Oz) followed by the direction cosines of the
                 X- (Xx, Yx, Zx), Y- (Yx, Yx, Yx), and Z- (Zx, Zx, Zx) axes
*****************************************************************************************
Local base-pair reference frames
                Ox      Oy      Oz     Xx    Xy    Xz   Yx    Yy    Yz    Zx    Zy    Zz
   1 G-C      -0.52   -0.03    0.01 -1.00 -0.02  0.00 -0.02  1.00 -0.05  0.00 -0.05 -1.00
   2 A-T      -0.39    0.29   -3.38 -0.81  0.59 -0.00  0.59  0.81 -0.05 -0.03 -0.04 -1.00
   3 T-A      -0.16    0.46   -6.75 -0.31  0.95  0.00  0.95  0.31 -0.05 -0.05 -0.01 -1.00
   4 C-G       0.19    0.48  -10.14  0.33  0.95 -0.00  0.94 -0.33 -0.05 -0.05  0.01 -1.00
   5 G-C       0.40    0.33  -13.49  0.80  0.60  0.00  0.60 -0.80 -0.05 -0.03  0.04 -1.00
   6 A-T       0.48   -0.01  -16.88  1.00 -0.00 -0.00 -0.00 -1.00 -0.05  0.00  0.05 -1.00
   7 T-A       0.40   -0.28  -20.25  0.81 -0.59  0.00 -0.59 -0.81 -0.05  0.03  0.04 -1.00
   8 C-G       0.13   -0.50  -23.64  0.29 -0.96 -0.00 -0.96 -0.29 -0.05  0.05  0.01 -1.00
   9 G-C      -0.13   -0.50  -26.99 -0.29 -0.96  0.00 -0.96  0.29 -0.05  0.05 -0.01 -1.00
  10 A-T      -0.40   -0.28  -30.38 -0.81 -0.59 -0.00 -0.59  0.81 -0.05  0.03 -0.04 -1.00
  11 T-A      -0.48   -0.01  -33.75 -1.00 -0.00  0.00 -0.00  1.00 -0.05  0.00 -0.05 -1.00
  12 C-G      -0.40    0.33  -37.14 -0.80  0.60 -0.00  0.60  0.80 -0.05 -0.03 -0.04 -1.00
  13 G-C      -0.19    0.48  -40.49 -0.33  0.95  0.00  0.94  0.33 -0.05 -0.05 -0.01 -1.00
  14 A-T       0.16    0.46  -43.88  0.31  0.95 -0.00  0.95 -0.31 -0.05 -0.05  0.01 -1.00
  15 T-A       0.39    0.29  -47.25  0.81  0.59  0.00  0.59 -0.81 -0.05 -0.03  0.04 -1.00
  16 C-G       0.52   -0.03  -50.64  1.00 -0.02 -0.00 -0.02 -1.00 -0.05  0.00  0.05 -1.00
  17 G-C       0.44   -0.28  -53.99  0.82 -0.57  0.00 -0.57 -0.82 -0.05  0.03  0.04 -1.00
  18 A-T       0.14   -0.46  -57.38  0.31 -0.95 -0.00 -0.95 -0.31 -0.05  0.05  0.01 -1.00
  19 T-A      -0.14   -0.46  -60.75 -0.31 -0.95  0.00 -0.95  0.31 -0.05  0.05 -0.01 -1.00
  20 C-G      -0.44   -0.28  -64.14 -0.82 -0.57 -0.00 -0.57  0.82 -0.05  0.03 -0.04 -1.00
*****************************************************************************************
Local middle reference frames
                Ox      Oy      Oz     Xx    Xy    Xz   Yx    Yy    Yz    Zx    Zy    Zz
   1 GA/TC    -0.45    0.13   -1.68 -0.95  0.30  0.00  0.30  0.95 -0.05 -0.01 -0.04 -1.00
   2 AT/AT    -0.27    0.38   -5.06 -0.59  0.81  0.00  0.81  0.59 -0.05 -0.04 -0.03 -1.00
   3 TC/GA     0.02    0.47   -8.44  0.01  1.00 -0.00  1.00 -0.01 -0.05 -0.05  0.00 -1.00
   4 CG/CG     0.29    0.41  -11.81  0.59  0.81  0.00  0.81 -0.59 -0.05 -0.04  0.03 -1.00
   5 GA/TC     0.44    0.16  -15.18  0.95  0.32  0.00  0.32 -0.95 -0.05 -0.01  0.04 -1.00
   6 AT/AT     0.44   -0.14  -18.56  0.95 -0.31  0.00 -0.31 -0.95 -0.05  0.01  0.04 -1.00
   7 TC/GA     0.26   -0.39  -21.94  0.58 -0.81 -0.00 -0.81 -0.58 -0.05  0.04  0.03 -1.00
   8 CG/CG     0.00   -0.50  -25.31  0.00 -1.00  0.00 -1.00 -0.00 -0.05  0.05  0.00 -1.00
   9 GA/TC    -0.26   -0.39  -28.68 -0.58 -0.81  0.00 -0.81  0.58 -0.05  0.04 -0.03 -1.00
  10 AT/AT    -0.44   -0.14  -32.06 -0.95 -0.31 -0.00 -0.31  0.95 -0.05  0.01 -0.04 -1.00
  11 TC/GA    -0.44    0.16  -35.44 -0.95  0.32 -0.00  0.32  0.95 -0.05 -0.01 -0.04 -1.00
  12 CG/CG    -0.29    0.41  -38.81 -0.59  0.81 -0.00  0.81  0.59 -0.05 -0.04 -0.03 -1.00
  13 GA/TC    -0.02    0.47  -42.18 -0.01  1.00  0.00  1.00  0.01 -0.05 -0.05 -0.00 -1.00
  14 AT/AT     0.27    0.38  -45.56  0.59  0.81 -0.00  0.81 -0.59 -0.05 -0.04  0.03 -1.00
  15 TC/GA     0.45    0.13  -48.94  0.95  0.30 -0.00  0.30 -0.95 -0.05 -0.01  0.04 -1.00
  16 CG/CG     0.48   -0.16  -52.31  0.95 -0.31  0.00 -0.31 -0.95 -0.05  0.01  0.04 -1.00
  17 GA/TC     0.29   -0.37  -55.68  0.59 -0.80  0.00 -0.80 -0.59 -0.05  0.04  0.03 -1.00
  18 AT/AT    -0.00   -0.46  -59.06 -0.00 -1.00 -0.00 -1.00  0.00 -0.05  0.05  0.00 -1.00
  19 TC/GA    -0.29   -0.37  -62.44 -0.59 -0.80 -0.00 -0.80  0.59 -0.05  0.04 -0.03 -1.00
*****************************************************************************************
Local middle helical reference frames
                Ox      Oy      Oz     Xx    Xy    Xz   Yx    Yy    Yz    Zx    Zy    Zz
   1 GA/TC     0.04   -0.07   -1.68 -0.95  0.30 -0.00  0.30  0.95 -0.00 -0.00 -0.00 -1.00
   2 AT/AT    -0.02    0.02   -5.06 -0.59  0.81  0.00  0.81  0.59  0.00  0.00  0.00 -1.00
   3 TC/GA     0.05   -0.06   -8.44  0.01  1.00  0.00  1.00 -0.01 -0.00 -0.00  0.00 -1.00
   4 CG/CG     0.05    0.07  -11.81  0.59  0.81 -0.00  0.81 -0.59  0.00  0.00 -0.00 -1.00
   5 GA/TC    -0.07    0.03  -15.18  0.95  0.32 -0.00  0.32 -0.95 -0.00 -0.00  0.00 -1.00
   6 AT/AT     0.03   -0.01  -18.56  0.95 -0.31 -0.00 -0.31 -0.95  0.00 -0.00 -0.00 -1.00
   7 TC/GA    -0.07    0.01  -21.94  0.58 -0.81  0.00 -0.81 -0.58 -0.00  0.00  0.00 -1.00
   8 CG/CG     0.00   -0.09  -25.31  0.00 -1.00 -0.00 -1.00 -0.00  0.00 -0.00  0.00 -1.00
   9 GA/TC     0.07    0.01  -28.68 -0.58 -0.81 -0.00 -0.81  0.58 -0.00  0.00 -0.00 -1.00
  10 AT/AT    -0.03   -0.01  -32.06 -0.95 -0.31  0.00 -0.31  0.95  0.00 -0.00  0.00 -1.00
  11 TC/GA     0.07    0.03  -35.44 -0.95  0.32  0.00  0.32  0.95 -0.00 -0.00 -0.00 -1.00
  12 CG/CG    -0.05    0.07  -38.81 -0.59  0.81  0.00  0.81  0.59  0.00  0.00  0.00 -1.00
  13 GA/TC    -0.05   -0.06  -42.18 -0.01  1.00 -0.00  1.00  0.01 -0.00 -0.00 -0.00 -1.00
  14 AT/AT     0.02    0.02  -45.56  0.59  0.81 -0.00  0.81 -0.59  0.00  0.00 -0.00 -1.00
  15 TC/GA    -0.04   -0.07  -48.94  0.95  0.30  0.00  0.30 -0.95 -0.00 -0.00  0.00 -1.00
  16 CG/CG     0.09   -0.03  -52.31  0.95 -0.31  0.00 -0.31 -0.95  0.00 -0.00 -0.00 -1.00
  17 GA/TC     0.01    0.07  -55.68  0.59 -0.80 -0.00 -0.80 -0.59 -0.00  0.00  0.00 -1.00
  18 AT/AT    -0.00   -0.03  -59.06  0.00 -1.00 -0.00 -1.00 -0.00  0.00 -0.00  0.00 -1.00
  19 TC/GA    -0.01    0.07  -62.44 -0.59 -0.80  0.00 -0.80  0.59 -0.00  0.00 -0.00 -1.00
*****************************************************************************************
Local strand I base reference frames
                Ox      Oy      Oz     Xx    Xy    Xz   Yx    Yy    Yz    Zx    Zy    Zz
   1 G        -0.44   -0.13   -0.03 -0.99 -0.04 -0.13 -0.03  1.00 -0.05  0.13 -0.05 -0.99
   2 A        -0.43    0.26   -3.42 -0.81  0.57 -0.13  0.58  0.82 -0.05  0.08 -0.12 -0.99
   3 T        -0.20    0.43   -6.79 -0.33  0.93 -0.13  0.94  0.33 -0.05 -0.00 -0.14 -0.99
   4 C         0.12    0.58  -10.18  0.31  0.94 -0.13  0.95 -0.31 -0.05 -0.09 -0.11 -0.99
   5 G         0.29    0.36  -13.53  0.78  0.61 -0.13  0.61 -0.79 -0.05 -0.13 -0.04 -0.99
   6 A         0.50    0.04  -16.92  0.99  0.02 -0.13  0.01 -1.00 -0.05 -0.13  0.05 -0.99
   7 T         0.41   -0.23  -20.29  0.82 -0.56 -0.13 -0.57 -0.82 -0.05 -0.08  0.12 -0.99
   8 C         0.24   -0.54  -23.68  0.31 -0.94 -0.13 -0.95 -0.30 -0.05  0.00  0.14 -0.99
   9 G        -0.02   -0.46  -27.03 -0.27 -0.95 -0.13 -0.96  0.28 -0.05  0.09  0.11 -0.99
  10 A        -0.38   -0.33  -30.42 -0.79 -0.60 -0.13 -0.60  0.80 -0.05  0.13  0.04 -0.99
  11 T        -0.47   -0.06  -33.79 -0.99 -0.03 -0.13 -0.02  1.00 -0.05  0.13 -0.05 -0.99
  12 C        -0.51    0.30  -37.18 -0.80  0.58 -0.13  0.59  0.80 -0.05  0.08 -0.12 -0.99
  13 G        -0.26    0.38  -40.53 -0.34  0.93 -0.13  0.94  0.34 -0.05 -0.00 -0.14 -0.99
  14 A         0.12    0.49  -43.92  0.29  0.95 -0.13  0.95 -0.30 -0.05 -0.09 -0.11 -0.99
  15 T         0.34    0.32  -47.29  0.79  0.60 -0.13  0.60 -0.80 -0.05 -0.13 -0.04 -0.99
  16 C         0.59    0.06  -50.68  0.99  0.00 -0.13 -0.01 -1.00 -0.05 -0.13  0.05 -0.99
  17 G         0.43   -0.16  -54.03  0.82 -0.55 -0.13 -0.56 -0.82 -0.05 -0.08  0.12 -0.99
  18 A         0.19   -0.46  -57.42  0.33 -0.94 -0.13 -0.95 -0.32 -0.05  0.00  0.14 -0.99
  19 T        -0.09   -0.46  -60.79 -0.28 -0.95 -0.13 -0.96  0.29 -0.05  0.09  0.11 -0.99
  20 C        -0.44   -0.40  -64.18 -0.80 -0.58 -0.13 -0.58  0.81 -0.05  0.13  0.04 -0.99
*****************************************************************************************
Local strand II base reference frames
                Ox      Oy      Oz     Xx    Xy    Xz   Yx    Yy    Yz    Zx    Zy    Zz
   1 C        -0.59    0.06    0.06 -0.99  0.00  0.13 -0.01  1.00 -0.05 -0.13 -0.05 -0.99
   2 T        -0.34    0.32   -3.34 -0.79  0.60  0.13  0.60  0.80 -0.05 -0.13  0.04 -0.99
   3 A        -0.12    0.49   -6.71 -0.29  0.95  0.13  0.95  0.30 -0.05 -0.09  0.11 -0.99
   4 G         0.26    0.38  -10.09  0.34  0.93  0.13  0.94 -0.34 -0.05 -0.00  0.14 -0.99
   5 C         0.51    0.30  -13.44  0.80  0.58  0.13  0.59 -0.80 -0.05  0.08  0.12 -0.99
   6 T         0.47   -0.06  -16.84  0.99 -0.03  0.13 -0.02 -1.00 -0.05  0.13  0.05 -0.99
   7 A         0.38   -0.33  -20.21  0.79 -0.60  0.13 -0.60 -0.80 -0.05  0.13 -0.04 -0.99
   8 G         0.02   -0.46  -23.59  0.27 -0.95  0.13 -0.96 -0.28 -0.05  0.09 -0.11 -0.99
   9 C        -0.24   -0.54  -26.94 -0.31 -0.94  0.13 -0.95  0.30 -0.05  0.00 -0.14 -0.99
  10 T        -0.41   -0.23  -30.34 -0.82 -0.56  0.13 -0.57  0.82 -0.05 -0.08 -0.12 -0.99
  11 A        -0.50    0.04  -33.71 -0.99  0.02  0.13  0.01  1.00 -0.05 -0.13 -0.05 -0.99
  12 G        -0.29    0.36  -37.09 -0.78  0.61  0.13  0.61  0.79 -0.05 -0.13  0.04 -0.99
  13 C        -0.12    0.58  -40.44 -0.31  0.94  0.13  0.95  0.31 -0.05 -0.09  0.11 -0.99
  14 T         0.20    0.43  -43.84  0.33  0.93  0.13  0.94 -0.33 -0.05 -0.00  0.14 -0.99
  15 A         0.43    0.26  -47.21  0.81  0.57  0.13  0.58 -0.82 -0.05  0.08  0.12 -0.99
  16 G         0.44   -0.13  -50.59  0.99 -0.04  0.13 -0.03 -1.00 -0.05  0.13  0.05 -0.99
  17 C         0.44   -0.40  -53.94  0.80 -0.58  0.13 -0.58 -0.81 -0.05  0.13 -0.04 -0.99
  18 T         0.09   -0.46  -57.34  0.28 -0.95  0.13 -0.96 -0.29 -0.05  0.09 -0.11 -0.99
  19 A        -0.19   -0.46  -60.71 -0.33 -0.94  0.13 -0.95  0.32 -0.05  0.00 -0.14 -0.99
  20 G        -0.43   -0.16  -64.09 -0.82 -0.55  0.13 -0.56  0.82 -0.05 -0.08 -0.12 -0.99
****************************************************************************
Local strand I base step parameters
    step       Shift     Slide      Rise      Tilt      Roll     Twist
   1  G/A       0.52      0.54      3.33      4.63      1.82     36.55
   2  A/T       0.41      0.44      3.33      4.63      1.78     35.38
   3  T/C       0.57      0.48      3.33      4.65      1.74     37.12
   4  C/G       0.33      0.42      3.32      4.64      1.75     33.63
   5  G/A       0.52      0.54      3.33      4.62      1.82     36.54
   6  A/T       0.41      0.44      3.33      4.63      1.78     35.37
   7  T/C       0.57      0.48      3.33      4.66      1.74     37.13
   8  C/G       0.33      0.42      3.32      4.63      1.75     33.62
   9  G/A       0.51      0.54      3.33      4.62      1.82     36.54
  10  A/T       0.41      0.44      3.33      4.63      1.78     35.37
  11  T/C       0.57      0.48      3.33      4.66      1.74     37.12
  12  C/G       0.33      0.42      3.32      4.64      1.75     33.64
  13  G/A       0.52      0.54      3.33      4.63      1.82     36.54
  14  A/T       0.41      0.44      3.33      4.63      1.78     35.37
  15  T/C       0.57      0.48      3.33      4.66      1.74     37.12
  16  C/G       0.33      0.42      3.32      4.63      1.76     33.63
  17  G/A       0.51      0.54      3.33      4.63      1.82     36.55
  18  A/T       0.41      0.44      3.33      4.63      1.78     35.37
  19  T/C       0.57      0.48      3.33      4.66      1.74     37.12
          ~~~~~~~~~~~~~~~~~~~~~~~~~~~~~~~~~~~~~~~~~~~~~~~~~~~~~~~~~~~~
      ave.      0.46      0.47      3.33      4.64      1.77     35.77
      s.d.      0.09      0.05      0.00      0.01      0.03      1.32
****************************************************************************
Local strand I base helical parameters
    step       X-disp    Y-disp   h-Rise     Incl.       Tip   h-Twist
   1  G/A       0.60     -0.17      3.39      2.89     -7.33     36.88
   2  A/T       0.46      0.02      3.37      2.91     -7.58     35.71
   3  T/C       0.52     -0.26      3.39      2.71     -7.27     37.44
   4  C/G       0.43      0.19      3.35      3.01     -7.96     33.98
   5  G/A       0.60     -0.17      3.39      2.89     -7.33     36.87
   6  A/T       0.46      0.02      3.37      2.91     -7.58     35.71
   7  T/C       0.52     -0.26      3.39      2.72     -7.27     37.45
   8  C/G       0.43      0.19      3.35      3.01     -7.96     33.98
   9  G/A       0.60     -0.17      3.39      2.89     -7.33     36.87
  10  A/T       0.46      0.02      3.37      2.91     -7.58     35.71
  11  T/C       0.52     -0.26      3.39      2.72     -7.27     37.44
  12  C/G       0.43      0.19      3.35      3.01     -7.96     33.99
  13  G/A       0.60     -0.17      3.39      2.89     -7.33     36.87
  14  A/T       0.46      0.02      3.37      2.91     -7.58     35.70
  15  T/C       0.52     -0.26      3.39      2.71     -7.27     37.44
  16  C/G       0.43      0.19      3.35      3.01     -7.96     33.99
  17  G/A       0.60     -0.17      3.39      2.89     -7.33     36.88
  18  A/T       0.46      0.02      3.37      2.91     -7.58     35.71
  19  T/C       0.52     -0.26      3.39      2.72     -7.27     37.44
          ~~~~~~~~~~~~~~~~~~~~~~~~~~~~~~~~~~~~~~~~~~~~~~~~~~~~~~~~~~~~
      ave.      0.50     -0.07      3.38      2.87     -7.51     36.11
      s.d.      0.07      0.17      0.01      0.11      0.26      1.30
****************************************************************************
Local strand II base step parameters
    step       Shift     Slide      Rise      Tilt      Roll     Twist
   1  C/T      -0.57      0.48      3.33     -4.66      1.74     37.12
   2  T/A      -0.41      0.44      3.33     -4.63      1.78     35.37
   3  A/G      -0.52      0.54      3.33     -4.63      1.82     36.54
   4  G/C      -0.33      0.42      3.32     -4.64      1.75     33.64
   5  C/T      -0.57      0.48      3.33     -4.66      1.74     37.12
   6  T/A      -0.41      0.44      3.33     -4.63      1.78     35.37
   7  A/G      -0.51      0.54      3.33     -4.62      1.82     36.54
   8  G/C      -0.33      0.42      3.32     -4.63      1.75     33.62
   9  C/T      -0.57      0.48      3.33     -4.66      1.74     37.13
  10  T/A      -0.41      0.44      3.33     -4.63      1.78     35.37
  11  A/G      -0.52      0.54      3.33     -4.62      1.82     36.54
  12  G/C      -0.33      0.42      3.32     -4.64      1.75     33.63
  13  C/T      -0.57      0.48      3.33     -4.65      1.74     37.12
  14  T/A      -0.41      0.44      3.33     -4.63      1.78     35.38
  15  A/G      -0.52      0.54      3.33     -4.63      1.82     36.55
  16  G/C      -0.33      0.42      3.32     -4.63      1.75     33.63
  17  C/T      -0.57      0.48      3.33     -4.66      1.74     37.12
  18  T/A      -0.41      0.44      3.33     -4.63      1.78     35.37
  19  A/G      -0.51      0.54      3.33     -4.63      1.82     36.55
          ~~~~~~~~~~~~~~~~~~~~~~~~~~~~~~~~~~~~~~~~~~~~~~~~~~~~~~~~~~~~
      ave.     -0.46      0.47      3.33     -4.64      1.77     35.77
      s.d.      0.09      0.05      0.00      0.01      0.03      1.32
****************************************************************************
Local strand II base helical parameters
    step       X-disp    Y-disp   h-Rise     Incl.       Tip   h-Twist
   1  C/T       0.52      0.26      3.39      2.71      7.27     37.44
   2  T/A       0.46     -0.02      3.37      2.91      7.58     35.70
   3  A/G       0.60      0.17      3.39      2.89      7.33     36.87
   4  G/C       0.43     -0.19      3.35      3.01      7.96     33.99
   5  C/T       0.52      0.26      3.39      2.72      7.27     37.44
   6  T/A       0.46     -0.02      3.37      2.91      7.58     35.71
   7  A/G       0.60      0.17      3.39      2.89      7.33     36.87
   8  G/C       0.43     -0.19      3.35      3.01      7.96     33.98
   9  C/T       0.52      0.26      3.39      2.72      7.27     37.45
  10  T/A       0.46     -0.02      3.37      2.91      7.58     35.71
  11  A/G       0.60      0.17      3.39      2.89      7.33     36.87
  12  G/C       0.43     -0.19      3.35      3.01      7.96     33.98
  13  C/T       0.52      0.26      3.39      2.71      7.27     37.44
  14  T/A       0.46     -0.02      3.37      2.91      7.58     35.71
  15  A/G       0.60      0.17      3.39      2.89      7.33     36.88
  16  G/C       0.43     -0.19      3.35      3.01      7.96     33.98
  17  C/T       0.52      0.26      3.39      2.72      7.27     37.44
  18  T/A       0.46     -0.02      3.37      2.91      7.58     35.71
  19  A/G       0.60      0.17      3.39      2.89      7.33     36.88
          ~~~~~~~~~~~~~~~~~~~~~~~~~~~~~~~~~~~~~~~~~~~~~~~~~~~~~~~~~~~~
      ave.      0.50      0.07      3.38      2.87      7.51     36.11
      s.d.      0.07      0.17      0.01      0.11      0.26      1.31
****************************************************************************
xyz coordinates of C1' atoms

    bp        xI       yI       zI       xII      yII      zII
   1 G-C     1.913    5.344    0.016    1.913   -5.344   -0.016
   2 A-T     4.689    3.199   -3.359   -1.593   -5.448   -3.391
   3 T-A     5.674   -0.168   -6.734   -4.491   -3.471   -6.766
   4 C-G     4.491   -3.471  -10.109   -5.674   -0.168  -10.141
   5 G-C     1.593   -5.448  -13.484   -4.689    3.199  -13.516
   6 A-T    -1.913   -5.344  -16.859   -1.913    5.344  -16.891
   7 T-A    -4.689   -3.199  -20.234    1.593    5.448  -20.266
   8 C-G    -5.674    0.168  -23.609    4.491    3.471  -23.641
   9 G-C    -4.491    3.471  -26.984    5.674    0.168  -27.016
  10 A-T    -1.593    5.448  -30.359    4.689   -3.199  -30.391
  11 T-A     1.913    5.344  -33.734    1.913   -5.344  -33.766
  12 C-G     4.689    3.199  -37.109   -1.593   -5.448  -37.141
  13 G-C     5.674   -0.168  -40.484   -4.491   -3.471  -40.516
  14 A-T     4.491   -3.471  -43.859   -5.674   -0.168  -43.891
  15 T-A     1.593   -5.448  -47.234   -4.689    3.199  -47.266
  16 C-G    -1.913   -5.344  -50.609   -1.913    5.344  -50.641
  17 G-C    -4.689   -3.199  -53.984    1.593    5.448  -54.016
  18 A-T    -5.674    0.168  -57.359    4.491    3.471  -57.391
  19 T-A    -4.491    3.471  -60.734    5.674    0.168  -60.766
  20 C-G    -1.593    5.448  -64.109    4.689   -3.199  -64.141
****************************************************************************
xyz coordinates of RN9/YN1 atoms

    bp        xI       yI       zI       xII      yII      zII
   1 G-C     0.711    4.472   -0.101    0.711   -4.472    0.101
   2 A-T     3.204    3.200   -3.476   -2.053   -4.036   -3.274
   3 T-A     4.473    0.705   -6.851   -4.033   -2.058   -6.649
   4 C-G     4.033   -2.058  -10.226   -4.473    0.705  -10.024
   5 G-C     2.053   -4.036  -13.601   -3.204    3.200  -13.399
   6 A-T    -0.711   -4.472  -16.976   -0.711    4.472  -16.774
   7 T-A    -3.204   -3.200  -20.351    2.053    4.036  -20.149
   8 C-G    -4.473   -0.705  -23.726    4.033    2.058  -23.524
   9 G-C    -4.033    2.058  -27.101    4.473   -0.705  -26.899
  10 A-T    -2.053    4.036  -30.476    3.204   -3.200  -30.274
  11 T-A     0.711    4.472  -33.851    0.711   -4.472  -33.649
  12 C-G     3.204    3.200  -37.226   -2.053   -4.036  -37.024
  13 G-C     4.473    0.705  -40.601   -4.033   -2.058  -40.399
  14 A-T     4.033   -2.058  -43.976   -4.473    0.705  -43.774
  15 T-A     2.053   -4.036  -47.351   -3.204    3.200  -47.149
  16 C-G    -0.711   -4.472  -50.726   -0.711    4.472  -50.524
  17 G-C    -3.204   -3.200  -54.101    2.053    4.036  -53.899
  18 A-T    -4.473   -0.705  -57.476    4.033    2.058  -57.274
  19 T-A    -4.033    2.058  -60.851    4.473   -0.705  -60.649
  20 C-G    -2.053    4.036  -64.226    3.204   -3.200  -64.024
****************************************************************************
xyz coordinates of RC8/YC6 atoms

    bp        xI       yI       zI       xII      yII      zII
   1 G-C    -0.606    4.826   -0.294   -0.526   -5.004    0.292
   2 A-T     2.369    4.263   -3.667   -3.378   -3.742   -3.082
   3 T-A     4.603    2.056   -7.043   -4.786   -0.936   -6.458
   4 C-G     4.922   -1.046  -10.417   -4.403    2.068   -9.831
   5 G-C     3.327   -3.548  -13.794   -2.516    4.358  -13.208
   6 A-T     0.589   -4.841  -17.167    0.533    5.013  -16.582
   7 T-A    -2.515   -4.369  -20.543    3.322    3.570  -19.958
   8 C-G    -4.597   -2.047  -23.917    4.777    0.915  -23.331
   9 G-C    -4.777    0.915  -27.294    4.597   -2.047  -26.708
  10 A-T    -3.322    3.570  -30.667    2.515   -4.369  -30.082
  11 T-A    -0.533    5.013  -34.043   -0.589   -4.841  -33.458
  12 C-G     2.516    4.358  -37.417   -3.327   -3.548  -36.831
  13 G-C     4.403    2.068  -40.794   -4.922   -1.046  -40.208
  14 A-T     4.786   -0.936  -44.167   -4.603    2.056  -43.582
  15 T-A     3.378   -3.742  -47.543   -2.369    4.263  -46.958
  16 C-G     0.526   -5.004  -50.917    0.606    4.826  -50.331
  17 G-C    -2.346   -4.261  -54.294    3.367    3.740  -53.708
  18 A-T    -4.422   -2.056  -57.667    4.932    1.042  -57.082
  19 T-A    -4.932    1.042  -61.043    4.422   -2.056  -60.458
  20 C-G    -3.367    3.740  -64.417    2.346   -4.261  -63.831
****************************************************************************
xyz coordinates of O1P atoms w.r.t. the middle frame of each dimer

    step       xI      yI      zI     xII     yII     zII
   1 GA/TC   -3.49   10.01   -1.38   -3.34   10.03   -1.38
   2 AT/AT   -3.41   10.02   -1.38   -3.41   10.02   -1.38
   3 TC/GA   -3.34   10.03   -1.38   -3.49   10.01   -1.38
   4 CG/CG   -3.45   10.02   -1.38   -3.45   10.02   -1.38
   5 GA/TC   -3.49   10.01   -1.38   -3.34   10.03   -1.38
   6 AT/AT   -3.41   10.02   -1.38   -3.41   10.02   -1.38
   7 TC/GA   -3.34   10.03   -1.38   -3.49   10.01   -1.38
   8 CG/CG   -3.45   10.02   -1.38   -3.45   10.02   -1.38
   9 GA/TC   -3.49   10.01   -1.38   -3.34   10.03   -1.38
  10 AT/AT   -3.41   10.02   -1.38   -3.41   10.02   -1.38
  11 TC/GA   -3.34   10.03   -1.38   -3.49   10.01   -1.38
  12 CG/CG   -3.45   10.02   -1.38   -3.45   10.02   -1.38
  13 GA/TC   -3.49   10.01   -1.38   -3.34   10.03   -1.38
  14 AT/AT   -3.41   10.02   -1.38   -3.41   10.02   -1.38
  15 TC/GA   -3.34   10.03   -1.38   -3.49   10.01   -1.38
  16 CG/CG   -3.45   10.02   -1.38   -3.45   10.02   -1.38
  17 GA/TC   -3.49   10.01   -1.38   -3.34   10.03   -1.38
  18 AT/AT   -3.41   10.02   -1.38   -3.41   10.02   -1.38
  19 TC/GA   -3.34   10.03   -1.38   -3.49   10.01   -1.38
****************************************************************************
xyz coordinates of O1P atoms w.r.t. the middle helix frame of each dimer

    step      xIH     yIH     zIH     xIIH    yIIH    zIIH
   1 GA/TC   -2.97   10.10   -0.93   -2.81   10.04   -0.94
   2 AT/AT   -2.97   10.07   -0.91   -2.97   10.07   -0.91
   3 TC/GA   -2.81   10.04   -0.94   -2.97   10.10   -0.93
   4 CG/CG   -3.04   10.08   -0.89   -3.04   10.07   -0.89
   5 GA/TC   -2.97   10.10   -0.93   -2.81   10.04   -0.94
   6 AT/AT   -2.97   10.07   -0.92   -2.97   10.07   -0.92
   7 TC/GA   -2.81   10.04   -0.94   -2.97   10.10   -0.93
   8 CG/CG   -3.04   10.07   -0.89   -3.04   10.07   -0.89
   9 GA/TC   -2.97   10.10   -0.93   -2.81   10.04   -0.94
  10 AT/AT   -2.97   10.07   -0.92   -2.97   10.07   -0.92
  11 TC/GA   -2.81   10.04   -0.94   -2.97   10.10   -0.93
  12 CG/CG   -3.04   10.07   -0.89   -3.04   10.08   -0.89
  13 GA/TC   -2.97   10.10   -0.93   -2.81   10.04   -0.94
  14 AT/AT   -2.97   10.07   -0.91   -2.97   10.07   -0.91
  15 TC/GA   -2.81   10.04   -0.94   -2.97   10.10   -0.93
  16 CG/CG   -3.04   10.07   -0.89   -3.04   10.07   -0.89
  17 GA/TC   -2.97   10.10   -0.93   -2.81   10.04   -0.94
  18 AT/AT   -2.97   10.07   -0.92   -2.97   10.07   -0.92
  19 TC/GA   -2.81   10.04   -0.94   -2.97   10.10   -0.93
****************************************************************************
xyz coordinates of O2P atoms w.r.t. the middle frame of each dimer

    step       xI      yI      zI     xII     yII     zII
   1 GA/TC   -2.10    9.15    0.53   -1.96    9.15    0.52
   2 AT/AT   -2.02    9.15    0.53   -2.02    9.15    0.53
   3 TC/GA   -1.96    9.15    0.52   -2.10    9.15    0.53
   4 CG/CG   -2.06    9.15    0.53   -2.06    9.15    0.53
   5 GA/TC   -2.10    9.15    0.53   -1.96    9.15    0.52
   6 AT/AT   -2.02    9.15    0.53   -2.03    9.15    0.53
   7 TC/GA   -1.96    9.15    0.52   -2.10    9.15    0.53
   8 CG/CG   -2.06    9.15    0.53   -2.06    9.15    0.53
   9 GA/TC   -2.10    9.15    0.53   -1.96    9.15    0.52
  10 AT/AT   -2.03    9.15    0.53   -2.02    9.15    0.53
  11 TC/GA   -1.96    9.15    0.52   -2.10    9.15    0.53
  12 CG/CG   -2.06    9.15    0.53   -2.06    9.15    0.53
  13 GA/TC   -2.10    9.15    0.53   -1.96    9.15    0.52
  14 AT/AT   -2.02    9.15    0.53   -2.02    9.15    0.53
  15 TC/GA   -1.96    9.15    0.52   -2.10    9.15    0.53
  16 CG/CG   -2.06    9.15    0.53   -2.06    9.15    0.53
  17 GA/TC   -2.10    9.15    0.53   -1.96    9.15    0.52
  18 AT/AT   -2.03    9.15    0.53   -2.03    9.15    0.53
  19 TC/GA   -1.96    9.15    0.52   -2.10    9.15    0.53
****************************************************************************
xyz coordinates of O2P atoms w.r.t. the middle helix frame of each dimer

    step      xIH     yIH     zIH     xIIH    yIIH    zIIH
   1 GA/TC   -1.57    9.16    0.94   -1.44    9.08    0.93
   2 AT/AT   -1.59    9.12    0.95   -1.59    9.12    0.95
   3 TC/GA   -1.44    9.08    0.93   -1.58    9.16    0.94
   4 CG/CG   -1.65    9.12    0.97   -1.65    9.12    0.97
   5 GA/TC   -1.57    9.16    0.94   -1.44    9.08    0.93
   6 AT/AT   -1.59    9.12    0.95   -1.59    9.12    0.95
   7 TC/GA   -1.44    9.08    0.93   -1.58    9.16    0.94
   8 CG/CG   -1.65    9.12    0.97   -1.65    9.12    0.97
   9 GA/TC   -1.58    9.16    0.94   -1.44    9.08    0.93
  10 AT/AT   -1.59    9.12    0.95   -1.59    9.12    0.95
  11 TC/GA   -1.44    9.08    0.93   -1.57    9.16    0.94
  12 CG/CG   -1.65    9.12    0.97   -1.65    9.12    0.97
  13 GA/TC   -1.58    9.16    0.94   -1.44    9.08    0.93
  14 AT/AT   -1.59    9.12    0.95   -1.59    9.12    0.95
  15 TC/GA   -1.44    9.08    0.93   -1.57    9.16    0.94
  16 CG/CG   -1.65    9.12    0.97   -1.65    9.12    0.97
  17 GA/TC   -1.57    9.16    0.94   -1.44    9.08    0.93
  18 AT/AT   -1.59    9.12    0.95   -1.59    9.12    0.95
  19 TC/GA   -1.44    9.08    0.93   -1.57    9.16    0.94
****************************************************************************
xyz coordinates of P atoms w.r.t. the middle frame of each dimer

    step       xI      yI      zI     xII     yII     zII
   1 GA/TC   -3.05    8.85   -0.56   -2.91    8.87   -0.57
   2 AT/AT   -2.97    8.86   -0.57   -2.98    8.86   -0.57
   3 TC/GA   -2.91    8.87   -0.57   -3.05    8.85   -0.56
   4 CG/CG   -3.01    8.86   -0.57   -3.01    8.86   -0.57
   5 GA/TC   -3.05    8.85   -0.56   -2.91    8.87   -0.57
   6 AT/AT   -2.97    8.86   -0.57   -2.97    8.86   -0.57
   7 TC/GA   -2.91    8.87   -0.57   -3.05    8.85   -0.56
   8 CG/CG   -3.01    8.86   -0.57   -3.01    8.86   -0.57
   9 GA/TC   -3.05    8.85   -0.56   -2.91    8.87   -0.57
  10 AT/AT   -2.97    8.86   -0.57   -2.97    8.86   -0.57
  11 TC/GA   -2.91    8.87   -0.57   -3.05    8.85   -0.56
  12 CG/CG   -3.01    8.86   -0.57   -3.01    8.86   -0.57
  13 GA/TC   -3.05    8.85   -0.56   -2.91    8.87   -0.57
  14 AT/AT   -2.98    8.86   -0.57   -2.97    8.86   -0.57
  15 TC/GA   -2.91    8.87   -0.57   -3.05    8.85   -0.56
  16 CG/CG   -3.01    8.86   -0.57   -3.01    8.86   -0.57
  17 GA/TC   -3.05    8.85   -0.56   -2.91    8.87   -0.57
  18 AT/AT   -2.97    8.86   -0.57   -2.97    8.86   -0.57
  19 TC/GA   -2.91    8.87   -0.57   -3.05    8.85   -0.56
****************************************************************************
xyz coordinates of P atoms w.r.t. the middle helix frame of each dimer

    step      xIH     yIH     zIH     xIIH    yIIH    zIIH
   1 GA/TC   -2.52    8.91   -0.17   -2.39    8.84   -0.18
   2 AT/AT   -2.54    8.88   -0.16   -2.54    8.88   -0.16
   3 TC/GA   -2.39    8.84   -0.18   -2.52    8.91   -0.17
   4 CG/CG   -2.60    8.88   -0.14   -2.60    8.88   -0.14
   5 GA/TC   -2.52    8.91   -0.17   -2.39    8.84   -0.18
   6 AT/AT   -2.54    8.88   -0.16   -2.54    8.88   -0.16
   7 TC/GA   -2.39    8.84   -0.18   -2.52    8.91   -0.17
   8 CG/CG   -2.60    8.88   -0.14   -2.60    8.88   -0.14
   9 GA/TC   -2.52    8.91   -0.17   -2.39    8.84   -0.18
  10 AT/AT   -2.54    8.88   -0.16   -2.54    8.88   -0.16
  11 TC/GA   -2.39    8.84   -0.18   -2.52    8.91   -0.17
  12 CG/CG   -2.60    8.88   -0.14   -2.60    8.88   -0.14
  13 GA/TC   -2.52    8.91   -0.17   -2.39    8.84   -0.18
  14 AT/AT   -2.54    8.88   -0.16   -2.54    8.88   -0.16
  15 TC/GA   -2.39    8.84   -0.18   -2.52    8.91   -0.17
  16 CG/CG   -2.60    8.88   -0.14   -2.60    8.88   -0.14
  17 GA/TC   -2.52    8.91   -0.17   -2.39    8.84   -0.18
  18 AT/AT   -2.54    8.88   -0.16   -2.54    8.88   -0.16
  19 TC/GA   -2.39    8.84   -0.18   -2.52    8.91   -0.17
****************************************************************************
xyz coordinates of P atoms

    bp        xI       yI       zI       xII      yII      zII
   1 G-C    -0.356    9.218    1.848   -0.356   -9.218   -1.848
   2 A-T     5.130    7.667   -1.527   -5.706   -7.249   -5.223
   3 T-A     8.657    3.187   -4.902   -8.877   -2.510   -8.598
   4 C-G     8.877   -2.510   -8.277   -8.657    3.187  -11.973
   5 G-C     5.706   -7.249  -11.652   -5.130    7.667  -15.348
   6 A-T     0.356   -9.218  -15.027    0.356    9.218  -18.723
   7 T-A    -5.130   -7.667  -18.402    5.706    7.249  -22.098
   8 C-G    -8.657   -3.187  -21.777    8.877    2.510  -25.473
   9 G-C    -8.877    2.510  -25.152    8.657   -3.187  -28.848
  10 A-T    -5.706    7.249  -28.527    5.130   -7.667  -32.223
  11 T-A    -0.356    9.218  -31.902   -0.356   -9.218  -35.598
  12 C-G     5.130    7.667  -35.277   -5.706   -7.249  -38.973
  13 G-C     8.657    3.187  -38.652   -8.877   -2.510  -42.348
  14 A-T     8.877   -2.510  -42.027   -8.657    3.187  -45.723
  15 T-A     5.706   -7.249  -45.402   -5.130    7.667  -49.098
  16 C-G     0.356   -9.218  -48.777    0.356    9.218  -52.473
  17 G-C    -5.130   -7.667  -52.152    5.706    7.249  -55.848
  18 A-T    -8.657   -3.187  -55.527    8.877    2.510  -59.223
  19 T-A    -8.877    2.510  -58.902    8.657   -3.187  -62.598
  20 C-G    -5.706    7.249  -62.277    5.130   -7.667  -65.973
*******************************************************************************************
Phosphorus-phosphorus distance in Angstroms

            1      2      3      4      5      6      7      8      9     10     11     12
            C      T      A      G      C      T      A      G      C      T      A      G   
   1 G    18.8   18.7   17.9   17.2   17.9   20.6   24.8   29.6   34.3   38.4   41.7   44.3
   2 A    17.8   18.8   18.7   17.9   17.2   17.9   20.6   24.8   29.6   34.3   38.4   41.7
   3 T    15.6   17.8   18.8   18.7   17.9   17.2   17.9   20.6   24.8   29.6   34.3   38.4
   4 C    13.1   15.6   17.8   18.8   18.7   17.9   17.2   17.9   20.6   24.8   29.6   34.3
   5 G    11.7   13.1   15.6   17.8   18.8   18.7   17.9   17.2   17.9   20.6   24.8   29.6
   6 A    13.2   11.7   13.1   15.6   17.8   18.8   18.7   17.9   17.2   17.9   20.6   24.8
   7 T    17.3   13.2   11.7   13.1   15.6   17.8   18.8   18.7   17.9   17.2   17.9   20.6
   8 C    22.4   17.3   13.2   11.7   13.1   15.6   17.8   18.8   18.7   17.9   17.2   17.9
   9 G    27.4   22.4   17.3   13.2   11.7   13.1   15.6   17.8   18.8   18.7   17.9   17.2
  10 A    31.8   27.4   22.4   17.3   13.2   11.7   13.1   15.6   17.8   18.8   18.7   17.9
  11 T    35.3   31.8   27.4   22.4   17.3   13.2   11.7   13.1   15.6   17.8   18.8   18.7
  12 C    37.9   35.3   31.8   27.4   22.4   17.3   13.2   11.7   13.1   15.6   17.8   18.8
  13 G    39.9   37.9   35.3   31.8   27.4   22.4   17.3   13.2   11.7   13.1   15.6   17.8
  14 A    41.8   39.9   37.9   35.3   31.8   27.4   22.4   17.3   13.2   11.7   13.1   15.6
  15 T    44.0   41.8   39.9   37.9   35.3   31.8   27.4   22.4   17.3   13.2   11.7   13.1
  16 C    46.9   44.0   41.8   39.9   37.9   35.3   31.8   27.4   22.4   17.3   13.2   11.7
  17 G    50.6   46.9   44.0   41.8   39.9   37.9   35.3   31.8   27.4   22.4   17.3   13.2
  18 A    54.7   50.6   46.9   44.0   41.8   39.9   37.9   35.3   31.8   27.4   22.4   17.3
  19 T    58.9   54.7   50.6   46.9   44.0   41.8   39.9   37.9   35.3   31.8   27.4   22.4
  20 C    62.9   58.9   54.7   50.6   46.9   44.0   41.8   39.9   37.9   35.3   31.8   27.4

           13     14     15     16     17     18     19     20
            C      T      A      G      C      T      A      G   
   1 G    46.5   48.7   51.2   54.3   58.0   62.1   66.2   70.1
   2 A    44.3   46.5   48.7   51.2   54.3   58.0   62.1   66.2
   3 T    41.7   44.3   46.5   48.7   51.2   54.3   58.0   62.1
   4 C    38.4   41.7   44.3   46.5   48.7   51.2   54.3   58.0
   5 G    34.3   38.4   41.7   44.3   46.5   48.7   51.2   54.3
   6 A    29.6   34.3   38.4   41.7   44.3   46.5   48.7   51.2
   7 T    24.8   29.6   34.3   38.4   41.7   44.3   46.5   48.7
   8 C    20.6   24.8   29.6   34.3   38.4   41.7   44.3   46.5
   9 G    17.9   20.6   24.8   29.6   34.3   38.4   41.7   44.3
  10 A    17.2   17.9   20.6   24.8   29.6   34.3   38.4   41.7
  11 T    17.9   17.2   17.9   20.6   24.8   29.6   34.3   38.4
  12 C    18.7   17.9   17.2   17.9   20.6   24.8   29.6   34.3
  13 G    18.8   18.7   17.9   17.2   17.9   20.6   24.8   29.6
  14 A    17.8   18.8   18.7   17.9   17.2   17.9   20.6   24.8
  15 T    15.6   17.8   18.8   18.7   17.9   17.2   17.9   20.6
  16 C    13.1   15.6   17.8   18.8   18.7   17.9   17.2   17.9
  17 G    11.7   13.1   15.6   17.8   18.8   18.7   17.9   17.2
  18 A    13.2   11.7   13.1   15.6   17.8   18.8   18.7   17.9
  19 T    17.3   13.2   11.7   13.1   15.6   17.8   18.8   18.7
  20 C    22.4   17.3   13.2   11.7   13.1   15.6   17.8   18.8
****************************************************************************
Strand I helix radius

    step          P        O4'       C1'
   1  G/A       9.09      6.01      5.54
   2  A/T       9.29      6.21      5.74
   3  T/C       9.02      5.96      5.49
   4  C/G       9.53      6.44      5.97
   5  G/A       9.09      6.01      5.54
   6  A/T       9.29      6.21      5.74
   7  T/C       9.02      5.96      5.49
   8  C/G       9.53      6.44      5.97
   9  G/A       9.09      6.01      5.54
  10  A/T       9.29      6.21      5.74
  11  T/C       9.02      5.96      5.49
  12  C/G       9.53      6.44      5.97
  13  G/A       9.09      6.01      5.54
  14  A/T       9.29      6.21      5.74
  15  T/C       9.02      5.96      5.49
  16  C/G       9.53      6.44      5.97
  17  G/A       9.09      6.01      5.54
  18  A/T       9.29      6.21      5.74
  19  T/C       9.03      5.96      5.49
****************************************************************************
Strand II helix radius

    step          P        O4'       C1'
   1  C/T       9.02      5.96      5.49
   2  T/A       9.29      6.21      5.74
   3  A/G       9.09      6.01      5.54
   4  G/C       9.53      6.44      5.97
   5  C/T       9.02      5.96      5.49
   6  T/A       9.29      6.21      5.74
   7  A/G       9.09      6.01      5.54
   8  G/C       9.53      6.44      5.97
   9  C/T       9.02      5.96      5.49
  10  T/A       9.29      6.21      5.74
  11  A/G       9.09      6.01      5.54
  12  G/C       9.53      6.44      5.97
  13  C/T       9.02      5.96      5.49
  14  T/A       9.29      6.21      5.74
  15  A/G       9.09      6.01      5.54
  16  G/C       9.53      6.44      5.97
  17  C/T       9.03      5.96      5.49
  18  T/A       9.29      6.21      5.74
  19  A/G       9.09      6.01      5.54
****************************************************************************************
Base-pair helix axis

               Ox      Oy      Oz     Xx    Xy    Xz   Yx    Yy    Yz    Zx    Zy    Zz
   1 GA/TC    0.04   -0.06    0.01 -1.00 -0.02  0.00 -0.02  1.00 -0.00 -0.00 -0.00 -1.00
              0.04   -0.07   -3.38 -0.81  0.59 -0.00  0.59  0.81 -0.00 -0.00 -0.00 -1.00
   2 AT/AT   -0.02    0.02   -3.38 -0.81  0.59 -0.00  0.59  0.81  0.00  0.00  0.00 -1.00
             -0.02    0.02   -6.75 -0.31  0.95  0.00  0.95  0.31  0.00  0.00  0.00 -1.00
   3 TC/GA    0.05   -0.06   -6.75 -0.31  0.95  0.00  0.95  0.31 -0.00 -0.00  0.00 -1.00
              0.05   -0.06  -10.14  0.33  0.95 -0.00  0.95 -0.33 -0.00 -0.00  0.00 -1.00
   4 CG/CG    0.05    0.08  -10.14  0.33  0.95 -0.00  0.95 -0.33  0.00  0.00 -0.00 -1.00
              0.06    0.07  -13.49  0.80  0.60  0.00  0.60 -0.80  0.00  0.00 -0.00 -1.00
   5 GA/TC   -0.07    0.03  -13.49  0.80  0.60  0.00  0.60 -0.80 -0.00 -0.00  0.00 -1.00
             -0.07    0.03  -16.88  1.00 -0.00 -0.00 -0.00 -1.00 -0.00 -0.00  0.00 -1.00
   6 AT/AT    0.03   -0.01  -16.88  1.00 -0.00 -0.00 -0.00 -1.00  0.00 -0.00 -0.00 -1.00
              0.03   -0.01  -20.25  0.81 -0.59  0.00 -0.59 -0.81  0.00 -0.00 -0.00 -1.00
   7 TC/GA   -0.08    0.01  -20.25  0.81 -0.59  0.00 -0.59 -0.81 -0.00  0.00  0.00 -1.00
             -0.07    0.02  -23.64  0.29 -0.96 -0.00 -0.96 -0.29 -0.00  0.00  0.00 -1.00
   8 CG/CG    0.00   -0.09  -23.64  0.29 -0.96 -0.00 -0.96 -0.29  0.00 -0.00  0.00 -1.00
             -0.00   -0.09  -26.99 -0.29 -0.96  0.00 -0.96  0.29  0.00 -0.00  0.00 -1.00
   9 GA/TC    0.07    0.02  -26.99 -0.29 -0.96  0.00 -0.96  0.29 -0.00  0.00 -0.00 -1.00
              0.08    0.01  -30.38 -0.81 -0.59 -0.00 -0.59  0.81 -0.00  0.00 -0.00 -1.00
  10 AT/AT   -0.03   -0.01  -30.38 -0.81 -0.59 -0.00 -0.59  0.81  0.00 -0.00  0.00 -1.00
             -0.03   -0.01  -33.75 -1.00 -0.00  0.00 -0.00  1.00  0.00 -0.00  0.00 -1.00
  11 TC/GA    0.07    0.03  -33.75 -1.00 -0.00  0.00 -0.00  1.00 -0.00 -0.00 -0.00 -1.00
              0.07    0.03  -37.14 -0.80  0.60 -0.00  0.60  0.80 -0.00 -0.00 -0.00 -1.00
  12 CG/CG   -0.06    0.07  -37.14 -0.80  0.60 -0.00  0.60  0.80  0.00  0.00  0.00 -1.00
             -0.05    0.08  -40.49 -0.33  0.95  0.00  0.95  0.33  0.00  0.00  0.00 -1.00
  13 GA/TC   -0.05   -0.06  -40.49 -0.33  0.95  0.00  0.95  0.33 -0.00 -0.00 -0.00 -1.00
             -0.05   -0.06  -43.88  0.31  0.95 -0.00  0.95 -0.31 -0.00 -0.00 -0.00 -1.00
  14 AT/AT    0.02    0.02  -43.88  0.31  0.95 -0.00  0.95 -0.31  0.00  0.00 -0.00 -1.00
              0.02    0.02  -47.25  0.81  0.59  0.00  0.59 -0.81  0.00  0.00 -0.00 -1.00
  15 TC/GA   -0.04   -0.07  -47.25  0.81  0.59  0.00  0.59 -0.81 -0.00 -0.00  0.00 -1.00
             -0.04   -0.06  -50.64  1.00 -0.02 -0.00 -0.02 -1.00 -0.00 -0.00  0.00 -1.00
  16 CG/CG    0.09   -0.02  -50.64  1.00 -0.02 -0.00 -0.02 -1.00  0.00 -0.00 -0.00 -1.00
              0.09   -0.03  -53.99  0.82 -0.57  0.00 -0.57 -0.82  0.00 -0.00 -0.00 -1.00
  17 GA/TC    0.01    0.07  -53.99  0.82 -0.57  0.00 -0.57 -0.82 -0.00  0.00  0.00 -1.00
              0.01    0.08  -57.38  0.31 -0.95 -0.00 -0.95 -0.31 -0.00  0.00  0.00 -1.00
  18 AT/AT    0.00   -0.03  -57.38  0.31 -0.95 -0.00 -0.95 -0.31  0.00 -0.00  0.00 -1.00
             -0.00   -0.03  -60.75 -0.31 -0.95  0.00 -0.95  0.31  0.00 -0.00  0.00 -1.00
  19 TC/GA   -0.01    0.08  -60.75 -0.31 -0.95  0.00 -0.95  0.31 -0.00  0.00 -0.00 -1.00
             -0.01    0.07  -64.14 -0.82 -0.57 -0.00 -0.57  0.82 -0.00  0.00 -0.00 -1.00
****************************************************************************************
Strand I helix axis

               Ox      Oy      Oz     Xx    Xy    Xz   Yx    Yy    Yz    Zx    Zy    Zz
   1  G/A     0.15    0.06   -0.03 -1.00 -0.03 -0.00 -0.03  1.00 -0.00  0.00 -0.00 -1.00
              0.16    0.06   -3.42 -0.82  0.57 -0.00  0.57  0.82  0.00  0.00 -0.00 -1.00
   2  A/T    -0.06   -0.01   -3.42 -0.82  0.57  0.00  0.57  0.82  0.00 -0.00  0.00 -1.00
             -0.06   -0.01   -6.79 -0.33  0.94  0.00  0.94  0.33 -0.00 -0.00  0.00 -1.00
   3  T/C     0.22    0.02   -6.79 -0.33  0.94 -0.00  0.94  0.33 -0.00 -0.00 -0.01 -1.00
              0.21    0.01  -10.18  0.31  0.95 -0.01  0.95 -0.31 -0.00 -0.00 -0.01 -1.00
   4  C/G    -0.19    0.24  -10.18  0.31  0.95  0.01  0.95 -0.31  0.00  0.01  0.00 -1.00
             -0.17    0.25  -13.54  0.79  0.61  0.01  0.61 -0.79  0.00  0.01  0.00 -1.00
   5  G/A    -0.08   -0.14  -13.53  0.79  0.61 -0.00  0.61 -0.79 -0.00 -0.00 -0.00 -1.00
             -0.09   -0.14  -16.92  1.00  0.02 -0.00  0.02 -1.00  0.00 -0.00 -0.00 -1.00
   6  A/T     0.04    0.05  -16.92  1.00  0.02  0.00  0.02 -1.00  0.00  0.00 -0.00 -1.00
              0.05    0.05  -20.29  0.82 -0.57  0.00 -0.57 -0.82 -0.00  0.00 -0.00 -1.00
   7  T/C    -0.16   -0.15  -20.29  0.82 -0.57 -0.00 -0.57 -0.82 -0.00 -0.00  0.01 -1.00
             -0.17   -0.13  -23.68  0.31 -0.95 -0.01 -0.95 -0.31 -0.00 -0.00  0.01 -1.00
   8  C/G     0.29   -0.08  -23.68  0.31 -0.95  0.01 -0.95 -0.31  0.00 -0.00 -0.01 -1.00
              0.28   -0.10  -27.04 -0.28 -0.96  0.01 -0.96  0.28  0.00 -0.00 -0.01 -1.00
   9  G/A    -0.01    0.16  -27.03 -0.28 -0.96 -0.00 -0.96  0.28 -0.00  0.00  0.00 -1.00
             -0.01    0.17  -30.42 -0.80 -0.60 -0.00 -0.60  0.80  0.00  0.00  0.00 -1.00
  10  A/T    -0.01   -0.06  -30.42 -0.80 -0.60  0.00 -0.60  0.80  0.00 -0.00 -0.00 -1.00
             -0.01   -0.06  -33.79 -1.00 -0.02  0.00 -0.02  1.00 -0.00 -0.00 -0.00 -1.00
  11  T/C     0.04    0.21  -33.79 -1.00 -0.02 -0.00 -0.02  1.00 -0.00  0.00 -0.00 -1.00
              0.06    0.20  -37.18 -0.81  0.59 -0.01  0.59  0.81 -0.00  0.00 -0.00 -1.00
  12  C/G    -0.28   -0.11  -37.18 -0.81  0.59  0.01  0.59  0.81  0.00 -0.00  0.01 -1.00
             -0.29   -0.08  -40.54 -0.34  0.94  0.01  0.94  0.34  0.00 -0.00  0.01 -1.00
  13  G/A     0.11   -0.12  -40.53 -0.34  0.94 -0.00  0.94  0.34 -0.00 -0.00 -0.00 -1.00
              0.10   -0.13  -43.92  0.29  0.96 -0.00  0.96 -0.29  0.00 -0.00 -0.00 -1.00
  14  A/T    -0.03    0.06  -43.92  0.29  0.96  0.00  0.96 -0.29  0.00  0.00  0.00 -1.00
             -0.03    0.06  -47.29  0.80  0.61  0.00  0.61 -0.80 -0.00  0.00  0.00 -1.00
  15  T/C     0.09   -0.20  -47.29  0.80  0.61 -0.00  0.61 -0.80 -0.00 -0.01  0.00 -1.00
              0.07   -0.20  -50.68  1.00 -0.00 -0.01 -0.00 -1.00 -0.00 -0.01  0.00 -1.00
  16  C/G     0.17    0.25  -50.68  1.00 -0.00  0.01 -0.00 -1.00  0.00  0.01 -0.00 -1.00
              0.19    0.24  -54.04  0.83 -0.56  0.01 -0.56 -0.83  0.00  0.01 -0.00 -1.00
  17  G/A    -0.16    0.04  -54.03  0.83 -0.56 -0.00 -0.56 -0.83 -0.00 -0.00  0.00 -1.00
             -0.16    0.05  -57.42  0.33 -0.95 -0.00 -0.95 -0.33  0.00 -0.00  0.00 -1.00
  18  A/T     0.06   -0.03  -57.42  0.33 -0.95  0.00 -0.95 -0.33  0.00 -0.00 -0.00 -1.00
              0.06   -0.03  -60.79 -0.29 -0.96  0.00 -0.96  0.29 -0.00 -0.00 -0.00 -1.00
  19  T/C    -0.19    0.11  -60.79 -0.29 -0.96 -0.00 -0.96  0.29 -0.00  0.00  0.00 -1.00
             -0.17    0.12  -64.18 -0.81 -0.59 -0.01 -0.59  0.81 -0.00  0.00  0.00 -1.00
****************************************************************************************
Strand II helix axis

               Ox      Oy      Oz     Xx    Xy    Xz   Yx    Yy    Yz    Zx    Zy    Zz
   1  C/T    -0.07   -0.20    0.05 -1.00 -0.00  0.01 -0.00  1.00 -0.00 -0.01 -0.00 -1.00
             -0.09   -0.20   -3.34 -0.80  0.61  0.00  0.61  0.80 -0.00 -0.01 -0.00 -1.00
   2  T/A     0.03    0.06   -3.34 -0.80  0.61 -0.00  0.61  0.80 -0.00  0.00 -0.00 -1.00
              0.03    0.06   -6.70 -0.29  0.96 -0.00  0.96  0.29  0.00  0.00 -0.00 -1.00
   3  A/G    -0.10   -0.13   -6.71 -0.29  0.96  0.00  0.96  0.29  0.00 -0.00  0.00 -1.00
             -0.11   -0.12  -10.09  0.34  0.94  0.00  0.94 -0.34 -0.00 -0.00  0.00 -1.00
   4  G/C     0.29   -0.08  -10.09  0.34  0.94 -0.01  0.94 -0.34  0.00 -0.00 -0.01 -1.00
              0.28   -0.11  -13.44  0.81  0.59 -0.01  0.59 -0.81  0.00 -0.00 -0.01 -1.00
   5  C/T    -0.06    0.20  -13.45  0.81  0.59  0.01  0.59 -0.81 -0.00  0.00  0.00 -1.00
             -0.04    0.21  -16.84  1.00 -0.02  0.00 -0.02 -1.00 -0.00  0.00  0.00 -1.00
   6  T/A     0.01   -0.06  -16.84  1.00 -0.02 -0.00 -0.02 -1.00 -0.00 -0.00  0.00 -1.00
              0.01   -0.06  -20.20  0.80 -0.60 -0.00 -0.60 -0.80  0.00 -0.00  0.00 -1.00
   7  A/G     0.01    0.17  -20.21  0.80 -0.60  0.00 -0.60 -0.80  0.00  0.00 -0.00 -1.00
              0.01    0.16  -23.59  0.28 -0.96  0.00 -0.96 -0.28 -0.00  0.00 -0.00 -1.00
   8  G/C    -0.28   -0.10  -23.59  0.28 -0.96 -0.01 -0.96 -0.28  0.00 -0.00  0.01 -1.00
             -0.29   -0.08  -26.94 -0.31 -0.95 -0.01 -0.95  0.31  0.00 -0.00  0.01 -1.00
   9  C/T     0.17   -0.13  -26.95 -0.31 -0.95  0.01 -0.95  0.31 -0.00 -0.00 -0.01 -1.00
              0.16   -0.15  -30.34 -0.82 -0.57  0.00 -0.57  0.82 -0.00 -0.00 -0.01 -1.00
  10  T/A    -0.05    0.05  -30.34 -0.82 -0.57 -0.00 -0.57  0.82 -0.00  0.00  0.00 -1.00
             -0.04    0.05  -33.70 -1.00  0.02 -0.00  0.02  1.00  0.00  0.00  0.00 -1.00
  11  A/G     0.09   -0.14  -33.71 -1.00  0.02  0.00  0.02  1.00  0.00 -0.00  0.00 -1.00
              0.08   -0.14  -37.09 -0.79  0.61  0.00  0.61  0.79 -0.00 -0.00  0.00 -1.00
  12  G/C     0.17    0.25  -37.09 -0.79  0.61 -0.01  0.61  0.79  0.00  0.01 -0.00 -1.00
              0.19    0.24  -40.44 -0.31  0.95 -0.01  0.95  0.31  0.00  0.01 -0.00 -1.00
  13  C/T    -0.21    0.01  -40.45 -0.31  0.95  0.01  0.95  0.31 -0.00 -0.00  0.01 -1.00
             -0.22    0.02  -43.84  0.33  0.94  0.00  0.94 -0.33 -0.00 -0.00  0.01 -1.00
  14  T/A     0.06   -0.01  -43.84  0.33  0.94 -0.00  0.94 -0.33 -0.00 -0.00 -0.00 -1.00
              0.06   -0.01  -47.20  0.82  0.57 -0.00  0.57 -0.82  0.00 -0.00 -0.00 -1.00
  15  A/G    -0.16    0.06  -47.21  0.82  0.57  0.00  0.57 -0.82  0.00  0.00  0.00 -1.00
             -0.15    0.06  -50.59  1.00 -0.03  0.00 -0.03 -1.00 -0.00  0.00  0.00 -1.00
  16  G/C     0.01   -0.30  -50.59  1.00 -0.03 -0.01 -0.03 -1.00  0.00 -0.01 -0.00 -1.00
             -0.01   -0.30  -53.94  0.81 -0.59 -0.01 -0.59 -0.81  0.00 -0.01 -0.00 -1.00
  17  C/T     0.17    0.12  -53.95  0.81 -0.59  0.01 -0.59 -0.81 -0.00  0.00 -0.00 -1.00
              0.19    0.11  -57.34  0.29 -0.96  0.00 -0.96 -0.29 -0.00  0.00 -0.00 -1.00
  18  T/A    -0.06   -0.03  -57.34  0.29 -0.96 -0.00 -0.96 -0.29 -0.00 -0.00  0.00 -1.00
             -0.06   -0.03  -60.70 -0.33 -0.95 -0.00 -0.95  0.33  0.00 -0.00  0.00 -1.00
  19  A/G     0.16    0.05  -60.71 -0.33 -0.95  0.00 -0.95  0.33  0.00 -0.00 -0.00 -1.00
              0.16    0.04  -64.09 -0.83 -0.56  0.00 -0.56  0.83 -0.00 -0.00 -0.00 -1.00
