  20 # base-pairs
   1 # ***local base-pair & helical parameters***
#        Shear    Stretch   Stagger   Buckle   Prop-Tw   Opening     X-disp    Y-disp    h-Rise    Incl.     Tip     h-Twist
G-C     -0.143    -0.185     0.097     0.260   -15.148    -1.309     0.000     0.000     0.000     0.000     0.000     0.000
A-T      0.032    -0.095     0.089    -0.040   -15.132    -1.878     0.554     0.041     3.388     2.691     0.021    37.167
T-A     -0.032    -0.095     0.089     0.042   -15.131    -1.867     0.457    -0.000     3.370     2.782    -0.001    35.706
C-G      0.144    -0.185     0.097    -0.260   -15.147    -1.291     0.555    -0.042     3.388     2.691    -0.021    37.164
G-C     -0.143    -0.184     0.097     0.260   -15.147    -1.304     0.429     0.001     3.354     2.913     0.001    33.968
A-T      0.033    -0.095     0.089    -0.041   -15.133    -1.878     0.554     0.041     3.388     2.692     0.023    37.162
T-A     -0.032    -0.095     0.089     0.040   -15.131    -1.876     0.458    -0.000     3.370     2.776     0.000    35.706
C-G      0.144    -0.185     0.097    -0.260   -15.145    -1.291     0.554    -0.042     3.388     2.694    -0.023    37.166
G-C     -0.144    -0.185     0.097     0.260   -15.145    -1.291     0.429     0.000     3.354     2.912     0.000    33.958
A-T      0.032    -0.095     0.089    -0.040   -15.131    -1.876     0.554     0.042     3.388     2.694     0.023    37.166
T-A     -0.033    -0.095     0.089     0.041   -15.133    -1.878     0.458     0.000     3.370     2.776    -0.000    35.706
C-G      0.143    -0.184     0.097    -0.260   -15.147    -1.304     0.554    -0.041     3.388     2.692    -0.023    37.162
G-C     -0.144    -0.185     0.097     0.260   -15.147    -1.291     0.429    -0.001     3.354     2.913    -0.001    33.968
A-T      0.032    -0.095     0.089    -0.042   -15.131    -1.867     0.555     0.042     3.388     2.691     0.021    37.164
T-A     -0.032    -0.095     0.089     0.040   -15.132    -1.878     0.457     0.000     3.370     2.782     0.001    35.706
C-G      0.143    -0.185     0.097    -0.260   -15.149    -1.309     0.554    -0.041     3.388     2.691    -0.021    37.167
G-C     -0.143    -0.185     0.097     0.259   -15.147    -1.302     0.428    -0.000     3.354     2.915    -0.000    33.965
A-T      0.032    -0.095     0.089    -0.040   -15.132    -1.867     0.555     0.041     3.388     2.691     0.022    37.166
T-A     -0.032    -0.095     0.089     0.040   -15.132    -1.867     0.458    -0.000     3.370     2.777     0.000    35.703
C-G      0.143    -0.185     0.097    -0.259   -15.147    -1.302     0.555    -0.041     3.388     2.691    -0.022    37.166
