  20 # base-pairs
   0 # ***local base-pair & step parameters***
#        Shear    Stretch   Stagger   Buckle   Prop-Tw   Opening     Shift     Slide     Rise      Tilt      Roll      Twist
G-C     -0.143    -0.185     0.097     0.260   -15.148    -1.309     0.000     0.000     0.000     0.000     0.000     0.000
A-T      0.032    -0.095     0.089    -0.040   -15.132    -1.878    -0.028     0.504     3.369    -0.014     1.715    37.129
T-A     -0.032    -0.095     0.089     0.042   -15.131    -1.867     0.000     0.436     3.353     0.001     1.705    35.667
C-G      0.144    -0.185     0.097    -0.260   -15.147    -1.291     0.028     0.504     3.369     0.013     1.715    37.126
G-C     -0.143    -0.184     0.097     0.260   -15.147    -1.304    -0.001     0.413     3.338    -0.001     1.701    33.927
A-T      0.033    -0.095     0.089    -0.041   -15.133    -1.878    -0.028     0.504     3.369    -0.015     1.715    37.124
T-A     -0.032    -0.095     0.089     0.040   -15.131    -1.876     0.000     0.436     3.353    -0.000     1.702    35.666
C-G      0.144    -0.185     0.097    -0.260   -15.145    -1.291     0.028     0.504     3.369     0.015     1.716    37.128
G-C     -0.144    -0.185     0.097     0.260   -15.145    -1.291    -0.000     0.413     3.338    -0.000     1.700    33.916
A-T      0.032    -0.095     0.089    -0.040   -15.131    -1.876    -0.028     0.504     3.369    -0.015     1.716    37.128
T-A     -0.033    -0.095     0.089     0.041   -15.133    -1.878    -0.000     0.436     3.353     0.000     1.702    35.666
C-G      0.143    -0.184     0.097    -0.260   -15.147    -1.304     0.028     0.504     3.369     0.015     1.715    37.124
G-C     -0.144    -0.185     0.097     0.260   -15.147    -1.291     0.001     0.413     3.338     0.001     1.701    33.927
A-T      0.032    -0.095     0.089    -0.042   -15.131    -1.867    -0.028     0.504     3.369    -0.013     1.715    37.126
T-A     -0.032    -0.095     0.089     0.040   -15.132    -1.878    -0.000     0.436     3.353    -0.001     1.705    35.667
C-G      0.143    -0.185     0.097    -0.260   -15.149    -1.309     0.028     0.504     3.369     0.014     1.715    37.129
G-C     -0.143    -0.185     0.097     0.259   -15.147    -1.302     0.000     0.413     3.338     0.000     1.702    33.923
A-T      0.032    -0.095     0.089    -0.040   -15.132    -1.867    -0.028     0.504     3.369    -0.014     1.715    37.128
T-A     -0.032    -0.095     0.089     0.040   -15.132    -1.867     0.000     0.436     3.353    -0.000     1.702    35.663
C-G      0.143    -0.185     0.097    -0.259   -15.147    -1.302     0.028     0.504     3.369     0.014     1.715    37.128
