****************************************************************************
CEHS base-pair parameters
     bp        Shear    Stretch   Stagger    Buckle  Propeller  Opening
    1 G-C      -0.14     -0.18      0.10      0.26    -15.15     -1.30
    2 A-T       0.03     -0.09      0.09     -0.04    -15.13     -1.86
    3 T-A      -0.03     -0.09      0.09      0.04    -15.13     -1.85
    4 C-G       0.14     -0.18      0.10     -0.26    -15.15     -1.28
    5 G-C      -0.14     -0.18      0.10      0.26    -15.15     -1.29
    6 A-T       0.03     -0.09      0.09     -0.04    -15.13     -1.86
    7 T-A      -0.03     -0.10      0.09      0.04    -15.13     -1.86
    8 C-G       0.14     -0.18      0.10     -0.26    -15.15     -1.28
    9 G-C      -0.14     -0.18      0.10      0.26    -15.15     -1.28
   10 A-T       0.03     -0.10      0.09     -0.04    -15.13     -1.86
   11 T-A      -0.03     -0.09      0.09      0.04    -15.13     -1.86
   12 C-G       0.14     -0.18      0.10     -0.26    -15.15     -1.29
   13 G-C      -0.14     -0.18      0.10      0.26    -15.15     -1.28
   14 A-T       0.03     -0.09      0.09     -0.04    -15.13     -1.85
   15 T-A      -0.03     -0.09      0.09      0.04    -15.13     -1.86
   16 C-G       0.14     -0.18      0.10     -0.26    -15.15     -1.30
   17 G-C      -0.14     -0.18      0.10      0.26    -15.15     -1.29
   18 A-T       0.03     -0.09      0.09     -0.04    -15.13     -1.85
   19 T-A      -0.03     -0.09      0.09      0.04    -15.13     -1.85
   20 C-G       0.14     -0.18      0.10     -0.26    -15.15     -1.29
          ~~~~~~~~~~~~~~~~~~~~~~~~~~~~~~~~~~~~~~~~~~~~~~~~~~~~~~~~~~~~
      ave.      0.00     -0.14      0.09      0.00    -15.14     -1.57
      s.d.      0.11      0.05      0.00      0.19      0.01      0.29
****************************************************************************
CEHS base-pair step parameters
    step       Shift     Slide      Rise      Tilt      Roll     Twist
   1 GA/TC     -0.03      0.51      3.37      0.02      1.78     37.12
   2 AT/AT      0.00      0.44      3.35      0.00      1.78     35.67
   3 TC/GA      0.03      0.51      3.37     -0.02      1.78     37.11
   4 CG/CG     -0.00      0.42      3.34      0.00      1.75     33.94
   5 GA/TC     -0.03      0.51      3.37      0.02      1.78     37.11
   6 AT/AT      0.00      0.44      3.35     -0.00      1.78     35.67
   7 TC/GA      0.03      0.51      3.37     -0.02      1.78     37.12
   8 CG/CG     -0.00      0.42      3.34      0.00      1.75     33.93
   9 GA/TC     -0.03      0.51      3.37      0.02      1.78     37.12
  10 AT/AT     -0.00      0.44      3.35      0.00      1.78     35.67
  11 TC/GA      0.03      0.51      3.37     -0.02      1.78     37.11
  12 CG/CG      0.00      0.42      3.34     -0.00      1.75     33.94
  13 GA/TC     -0.03      0.51      3.37      0.02      1.78     37.11
  14 AT/AT     -0.00      0.44      3.35     -0.00      1.78     35.67
  15 TC/GA      0.03      0.51      3.37     -0.02      1.78     37.12
  16 CG/CG      0.00      0.42      3.34     -0.00      1.75     33.94
  17 GA/TC     -0.03      0.51      3.37      0.02      1.78     37.11
  18 AT/AT      0.00      0.44      3.35     -0.00      1.78     35.66
  19 TC/GA      0.03      0.51      3.37     -0.02      1.78     37.11
          ~~~~~~~~~~~~~~~~~~~~~~~~~~~~~~~~~~~~~~~~~~~~~~~~~~~~~~~~~~~~
      ave.      0.00      0.47      3.36     -0.00      1.77     36.06
      s.d.      0.02      0.04      0.01      0.02      0.01      1.29
****************************************************************************
CompDNA base-pair parameters
     bp        Shear    Stretch   Stagger    Buckle  Propeller  Opening
    1 G-C      -0.14     -0.18      0.10      0.26    -15.15     -1.30
    2 A-T       0.03     -0.10      0.09     -0.04    -15.13     -1.86
    3 T-A      -0.03     -0.10      0.09      0.04    -15.13     -1.85
    4 C-G       0.14     -0.18      0.10     -0.26    -15.15     -1.28
    5 G-C      -0.14     -0.18      0.10      0.26    -15.15     -1.29
    6 A-T       0.03     -0.10      0.09     -0.04    -15.13     -1.86
    7 T-A      -0.03     -0.10      0.09      0.04    -15.13     -1.86
    8 C-G       0.14     -0.18      0.10     -0.26    -15.14     -1.28
    9 G-C      -0.14     -0.18      0.10      0.26    -15.14     -1.28
   10 A-T       0.03     -0.10      0.09     -0.04    -15.13     -1.86
   11 T-A      -0.03     -0.10      0.09      0.04    -15.13     -1.86
   12 C-G       0.14     -0.18      0.10     -0.26    -15.15     -1.29
   13 G-C      -0.14     -0.18      0.10      0.26    -15.15     -1.28
   14 A-T       0.03     -0.10      0.09     -0.04    -15.13     -1.85
   15 T-A      -0.03     -0.10      0.09      0.04    -15.13     -1.86
   16 C-G       0.14     -0.18      0.10     -0.26    -15.15     -1.30
   17 G-C      -0.14     -0.18      0.10      0.26    -15.15     -1.29
   18 A-T       0.03     -0.10      0.09     -0.04    -15.13     -1.85
   19 T-A      -0.03     -0.10      0.09      0.04    -15.13     -1.85
   20 C-G       0.14     -0.18      0.10     -0.26    -15.15     -1.29
          ~~~~~~~~~~~~~~~~~~~~~~~~~~~~~~~~~~~~~~~~~~~~~~~~~~~~~~~~~~~~
      ave.      0.00     -0.14      0.09      0.00    -15.14     -1.57
      s.d.      0.11      0.05      0.00      0.19      0.01      0.29
****************************************************************************
CompDNA base-pair step parameters
    step       Shift     Slide      Rise      Tilt      Roll     Twist
   1 GA/TC     -0.03      0.50      3.37     -0.01      1.71     37.11
   2 AT/AT      0.00      0.44      3.35      0.00      1.71     35.67
   3 TC/GA      0.03      0.50      3.37      0.01      1.71     37.11
   4 CG/CG     -0.00      0.41      3.34     -0.00      1.70     33.94
   5 GA/TC     -0.03      0.50      3.37     -0.01      1.72     37.11
   6 AT/AT      0.00      0.44      3.35     -0.00      1.70     35.67
   7 TC/GA      0.03      0.50      3.37      0.01      1.72     37.11
   8 CG/CG     -0.00      0.41      3.34     -0.00      1.70     33.93
   9 GA/TC     -0.03      0.50      3.37     -0.01      1.72     37.11
  10 AT/AT     -0.00      0.44      3.35      0.00      1.70     35.67
  11 TC/GA      0.03      0.50      3.37      0.01      1.72     37.11
  12 CG/CG      0.00      0.41      3.34      0.00      1.70     33.94
  13 GA/TC     -0.03      0.50      3.37     -0.01      1.71     37.11
  14 AT/AT     -0.00      0.44      3.35     -0.00      1.71     35.67
  15 TC/GA      0.03      0.50      3.37      0.01      1.71     37.11
  16 CG/CG      0.00      0.41      3.34      0.00      1.70     33.94
  17 GA/TC     -0.03      0.50      3.37     -0.01      1.71     37.11
  18 AT/AT      0.00      0.44      3.35     -0.00      1.70     35.66
  19 TC/GA      0.03      0.50      3.37      0.01      1.71     37.11
          ~~~~~~~~~~~~~~~~~~~~~~~~~~~~~~~~~~~~~~~~~~~~~~~~~~~~~~~~~~~~
      ave.      0.00      0.47      3.36      0.00      1.71     36.06
      s.d.      0.02      0.04      0.01      0.01      0.01      1.29
****************************************************************************
Curves base-pair parameters (by Xiang-Jun Lu)
     bp        Shear    Stretch   Stagger    Buckle  Propeller  Opening
    1 G-C      -0.14     -0.18      0.10      0.26    -15.15     -1.31
    2 A-T       0.03     -0.10      0.09     -0.04    -15.13     -1.88
    3 T-A      -0.03     -0.10      0.09      0.04    -15.13     -1.87
    4 C-G       0.14     -0.18      0.10     -0.26    -15.15     -1.29
    5 G-C      -0.14     -0.18      0.10      0.26    -15.15     -1.30
    6 A-T       0.03     -0.10      0.09     -0.04    -15.13     -1.88
    7 T-A      -0.03     -0.10      0.09      0.04    -15.13     -1.88
    8 C-G       0.14     -0.18      0.10     -0.26    -15.14     -1.29
    9 G-C      -0.14     -0.18      0.10      0.26    -15.14     -1.29
   10 A-T       0.03     -0.10      0.09     -0.04    -15.13     -1.88
   11 T-A      -0.03     -0.10      0.09      0.04    -15.13     -1.88
   12 C-G       0.14     -0.18      0.10     -0.26    -15.15     -1.30
   13 G-C      -0.14     -0.18      0.10      0.26    -15.15     -1.29
   14 A-T       0.03     -0.10      0.09     -0.04    -15.13     -1.87
   15 T-A      -0.03     -0.10      0.09      0.04    -15.13     -1.88
   16 C-G       0.14     -0.18      0.10     -0.26    -15.15     -1.31
   17 G-C      -0.14     -0.18      0.10      0.26    -15.15     -1.30
   18 A-T       0.03     -0.10      0.09     -0.04    -15.13     -1.87
   19 T-A      -0.03     -0.10      0.09      0.04    -15.13     -1.87
   20 C-G       0.14     -0.18      0.10     -0.26    -15.15     -1.30
          ~~~~~~~~~~~~~~~~~~~~~~~~~~~~~~~~~~~~~~~~~~~~~~~~~~~~~~~~~~~~
      ave.      0.00     -0.14      0.09      0.00    -15.14     -1.59
      s.d.      0.11      0.05      0.00      0.19      0.01      0.29
****************************************************************************
Curves base-pair step parameters
    step       Shift     Slide      Rise      Tilt      Roll     Twist
   1 GA/TC     -0.03      0.50      3.37     -0.01      1.71     37.14
   2 AT/AT      0.00      0.44      3.35      0.00      1.71     35.66
   3 TC/GA      0.03      0.50      3.37      0.01      1.71     37.14
   4 CG/CG     -0.00      0.41      3.34     -0.00      1.70     33.91
   5 GA/TC     -0.03      0.50      3.37     -0.01      1.72     37.13
   6 AT/AT      0.00      0.44      3.35     -0.00      1.70     35.66
   7 TC/GA      0.03      0.50      3.37      0.02      1.72     37.14
   8 CG/CG     -0.00      0.41      3.34     -0.00      1.70     33.90
   9 GA/TC     -0.03      0.50      3.37     -0.02      1.72     37.14
  10 AT/AT     -0.00      0.44      3.35      0.00      1.70     35.66
  11 TC/GA      0.03      0.50      3.37      0.01      1.72     37.13
  12 CG/CG      0.00      0.41      3.34      0.00      1.70     33.91
  13 GA/TC     -0.03      0.50      3.37     -0.01      1.71     37.14
  14 AT/AT     -0.00      0.44      3.35     -0.00      1.71     35.66
  15 TC/GA      0.03      0.50      3.37      0.01      1.71     37.14
  16 CG/CG      0.00      0.41      3.34      0.00      1.70     33.91
  17 GA/TC     -0.03      0.50      3.37     -0.01      1.71     37.14
  18 AT/AT      0.00      0.44      3.35     -0.00      1.70     35.66
  19 TC/GA      0.03      0.50      3.37      0.01      1.71     37.14
          ~~~~~~~~~~~~~~~~~~~~~~~~~~~~~~~~~~~~~~~~~~~~~~~~~~~~~~~~~~~~
      ave.      0.00      0.47      3.36      0.00      1.71     36.07
      s.d.      0.02      0.04      0.01      0.01      0.01      1.31
****************************************************************************
FreeHelix base-pair parameters (by Xiang-Jun Lu)
     bp        Shear    Stretch   Stagger    Buckle  Propeller  Opening
    1 G-C      -0.14     -0.18      0.10      0.26    -15.15     -1.30
    2 A-T       0.03     -0.10      0.09     -0.04    -15.13     -1.86
    3 T-A      -0.03     -0.10      0.09      0.04    -15.13     -1.85
    4 C-G       0.14     -0.18      0.10     -0.26    -15.15     -1.28
    5 G-C      -0.14     -0.18      0.10      0.26    -15.15     -1.29
    6 A-T       0.03     -0.10      0.09     -0.04    -15.13     -1.86
    7 T-A      -0.03     -0.10      0.09      0.04    -15.13     -1.86
    8 C-G       0.14     -0.18      0.10     -0.26    -15.14     -1.28
    9 G-C      -0.14     -0.18      0.10      0.26    -15.14     -1.28
   10 A-T       0.03     -0.10      0.09     -0.04    -15.13     -1.86
   11 T-A      -0.03     -0.10      0.09      0.04    -15.13     -1.86
   12 C-G       0.14     -0.18      0.10     -0.26    -15.15     -1.29
   13 G-C      -0.14     -0.18      0.10      0.26    -15.15     -1.28
   14 A-T       0.03     -0.10      0.09     -0.04    -15.13     -1.85
   15 T-A      -0.03     -0.10      0.09      0.04    -15.13     -1.86
   16 C-G       0.14     -0.18      0.10     -0.26    -15.15     -1.30
   17 G-C      -0.14     -0.18      0.10      0.26    -15.15     -1.29
   18 A-T       0.03     -0.10      0.09     -0.04    -15.13     -1.85
   19 T-A      -0.03     -0.10      0.09      0.04    -15.13     -1.85
   20 C-G       0.14     -0.18      0.10     -0.26    -15.15     -1.29
          ~~~~~~~~~~~~~~~~~~~~~~~~~~~~~~~~~~~~~~~~~~~~~~~~~~~~~~~~~~~~
      ave.      0.00     -0.14      0.09      0.00    -15.14     -1.57
      s.d.      0.11      0.05      0.00      0.19      0.01      0.29
****************************************************************************
FreeHelix base-pair step parameters
    step       Shift     Slide      Rise      Tilt      Roll     Twist
   1 GA/TC     -0.03      0.50      3.37     -0.01      1.71     37.11
   2 AT/AT      0.00      0.44      3.35      0.00      1.71     35.67
   3 TC/GA      0.03      0.50      3.37      0.01      1.71     37.11
   4 CG/CG     -0.00      0.41      3.34     -0.00      1.70     33.94
   5 GA/TC     -0.03      0.50      3.37     -0.01      1.72     37.11
   6 AT/AT      0.00      0.44      3.35     -0.00      1.70     35.67
   7 TC/GA      0.03      0.50      3.37      0.01      1.72     37.11
   8 CG/CG     -0.00      0.41      3.34     -0.00      1.70     33.93
   9 GA/TC     -0.03      0.50      3.37     -0.01      1.72     37.11
  10 AT/AT     -0.00      0.44      3.35      0.00      1.70     35.67
  11 TC/GA      0.03      0.50      3.37      0.01      1.72     37.11
  12 CG/CG      0.00      0.41      3.34      0.00      1.70     33.94
  13 GA/TC     -0.03      0.50      3.37     -0.01      1.71     37.11
  14 AT/AT     -0.00      0.44      3.35     -0.00      1.71     35.67
  15 TC/GA      0.03      0.50      3.37      0.01      1.71     37.11
  16 CG/CG      0.00      0.41      3.34      0.00      1.70     33.94
  17 GA/TC     -0.03      0.50      3.37     -0.01      1.71     37.11
  18 AT/AT      0.00      0.44      3.35     -0.00      1.70     35.66
  19 TC/GA      0.03      0.50      3.37      0.01      1.71     37.11
          ~~~~~~~~~~~~~~~~~~~~~~~~~~~~~~~~~~~~~~~~~~~~~~~~~~~~~~~~~~~~
      ave.      0.00      0.47      3.36      0.00      1.71     36.06
      s.d.      0.02      0.04      0.01      0.01      0.01      1.29
****************************************************************************
NGEOM base-pair parameters
     bp        Shear    Stretch   Stagger    Buckle  Propeller  Opening
    1 G-C      -0.14     -0.18      0.10      0.26    -15.15     -1.31
    2 A-T       0.03     -0.10      0.09     -0.04    -15.13     -1.88
    3 T-A      -0.03     -0.09      0.09      0.04    -15.13     -1.87
    4 C-G       0.14     -0.18      0.10     -0.26    -15.15     -1.29
    5 G-C      -0.14     -0.18      0.10      0.26    -15.15     -1.30
    6 A-T       0.03     -0.09      0.09     -0.04    -15.13     -1.88
    7 T-A      -0.03     -0.10      0.09      0.04    -15.13     -1.88
    8 C-G       0.14     -0.18      0.10     -0.26    -15.14     -1.29
    9 G-C      -0.14     -0.18      0.10      0.26    -15.14     -1.29
   10 A-T       0.03     -0.10      0.09     -0.04    -15.13     -1.88
   11 T-A      -0.03     -0.09      0.09      0.04    -15.13     -1.88
   12 C-G       0.14     -0.18      0.10     -0.26    -15.15     -1.30
   13 G-C      -0.14     -0.18      0.10      0.26    -15.15     -1.29
   14 A-T       0.03     -0.09      0.09     -0.04    -15.13     -1.87
   15 T-A      -0.03     -0.10      0.09      0.04    -15.13     -1.88
   16 C-G       0.14     -0.18      0.10     -0.26    -15.15     -1.31
   17 G-C      -0.14     -0.18      0.10      0.26    -15.15     -1.30
   18 A-T       0.03     -0.09      0.09     -0.04    -15.13     -1.87
   19 T-A      -0.03     -0.09      0.09      0.04    -15.13     -1.87
   20 C-G       0.14     -0.18      0.10     -0.26    -15.15     -1.30
          ~~~~~~~~~~~~~~~~~~~~~~~~~~~~~~~~~~~~~~~~~~~~~~~~~~~~~~~~~~~~
      ave.      0.00     -0.14      0.09      0.00    -15.14     -1.59
      s.d.      0.11      0.05      0.00      0.19      0.01      0.29
****************************************************************************
NGEOM base-pair step parameters
    step       Shift     Slide      Rise      Tilt      Roll     Twist
   1 GA/TC     -0.03      0.51      3.37     -0.01      1.71     37.13
   2 AT/AT      0.00      0.44      3.35      0.00      1.71     35.67
   3 TC/GA      0.03      0.51      3.37      0.01      1.71     37.13
   4 CG/CG     -0.00      0.42      3.34     -0.00      1.70     33.93
   5 GA/TC     -0.03      0.51      3.37     -0.01      1.72     37.12
   6 AT/AT      0.00      0.44      3.35     -0.00      1.70     35.67
   7 TC/GA      0.03      0.51      3.37      0.01      1.72     37.13
   8 CG/CG     -0.00      0.42      3.34     -0.00      1.70     33.92
   9 GA/TC     -0.03      0.51      3.37     -0.01      1.72     37.13
  10 AT/AT     -0.00      0.44      3.35      0.00      1.70     35.67
  11 TC/GA      0.03      0.51      3.37      0.01      1.72     37.12
  12 CG/CG      0.00      0.42      3.34      0.00      1.70     33.93
  13 GA/TC     -0.03      0.51      3.37     -0.01      1.71     37.13
  14 AT/AT     -0.00      0.44      3.35     -0.00      1.71     35.67
  15 TC/GA      0.03      0.51      3.37      0.01      1.71     37.13
  16 CG/CG      0.00      0.42      3.34      0.00      1.70     33.92
  17 GA/TC     -0.03      0.51      3.37     -0.01      1.71     37.13
  18 AT/AT      0.00      0.44      3.35     -0.00      1.70     35.66
  19 TC/GA      0.03      0.51      3.37      0.01      1.71     37.13
          ~~~~~~~~~~~~~~~~~~~~~~~~~~~~~~~~~~~~~~~~~~~~~~~~~~~~~~~~~~~~
      ave.      0.00      0.47      3.36      0.00      1.71     36.07
      s.d.      0.02      0.04      0.01      0.01      0.01      1.30
****************************************************************************
NUPARM base-pair parameters
     bp        Shear    Stretch   Stagger    Buckle  Propeller  Opening
    1 G-C      -0.14     -0.18      0.10      0.26    -15.15     -1.30
    2 A-T       0.03     -0.09      0.09     -0.04    -15.13     -1.86
    3 T-A      -0.03     -0.09      0.09      0.04    -15.13     -1.85
    4 C-G       0.14     -0.18      0.10     -0.26    -15.15     -1.28
    5 G-C      -0.14     -0.18      0.10      0.26    -15.15     -1.29
    6 A-T       0.03     -0.09      0.09     -0.04    -15.13     -1.86
    7 T-A      -0.03     -0.10      0.09      0.04    -15.13     -1.86
    8 C-G       0.14     -0.18      0.10     -0.26    -15.15     -1.28
    9 G-C      -0.14     -0.18      0.10      0.26    -15.15     -1.28
   10 A-T       0.03     -0.10      0.09     -0.04    -15.13     -1.86
   11 T-A      -0.03     -0.09      0.09      0.04    -15.13     -1.86
   12 C-G       0.14     -0.18      0.10     -0.26    -15.15     -1.29
   13 G-C      -0.14     -0.18      0.10      0.26    -15.15     -1.28
   14 A-T       0.03     -0.09      0.09     -0.04    -15.13     -1.85
   15 T-A      -0.03     -0.09      0.09      0.04    -15.13     -1.86
   16 C-G       0.14     -0.18      0.10     -0.26    -15.15     -1.30
   17 G-C      -0.14     -0.18      0.10      0.26    -15.15     -1.29
   18 A-T       0.03     -0.09      0.09     -0.04    -15.13     -1.85
   19 T-A      -0.03     -0.09      0.09      0.04    -15.13     -1.85
   20 C-G       0.14     -0.18      0.10     -0.26    -15.15     -1.29
          ~~~~~~~~~~~~~~~~~~~~~~~~~~~~~~~~~~~~~~~~~~~~~~~~~~~~~~~~~~~~
      ave.      0.00     -0.14      0.09      0.00    -15.14     -1.57
      s.d.      0.11      0.05      0.00      0.19      0.01      0.29
****************************************************************************
NUPARM base-pair step parameters
    step       Shift     Slide      Rise      Tilt      Roll     Twist
   1 GA/TC     -0.03      0.53      3.37      0.02      1.88     37.11
   2 AT/AT      0.00      0.46      3.35      0.00      1.87     35.66
   3 TC/GA      0.03      0.53      3.37     -0.02      1.88     37.11
   4 CG/CG     -0.00      0.43      3.34      0.00      1.83     33.94
   5 GA/TC     -0.03      0.53      3.37      0.02      1.88     37.11
   6 AT/AT      0.00      0.46      3.35     -0.00      1.87     35.66
   7 TC/GA      0.03      0.53      3.37     -0.02      1.88     37.11
   8 CG/CG     -0.00      0.43      3.34      0.00      1.83     33.93
   9 GA/TC     -0.03      0.53      3.37      0.02      1.88     37.11
  10 AT/AT     -0.00      0.46      3.35      0.00      1.87     35.66
  11 TC/GA      0.03      0.53      3.37     -0.02      1.88     37.11
  12 CG/CG      0.00      0.43      3.34     -0.00      1.83     33.94
  13 GA/TC     -0.03      0.53      3.37      0.02      1.88     37.11
  14 AT/AT     -0.00      0.46      3.35     -0.00      1.87     35.66
  15 TC/GA      0.03      0.53      3.37     -0.02      1.88     37.11
  16 CG/CG      0.00      0.43      3.34     -0.00      1.83     33.93
  17 GA/TC     -0.03      0.53      3.37      0.02      1.88     37.11
  18 AT/AT      0.00      0.46      3.35     -0.00      1.87     35.66
  19 TC/GA      0.03      0.53      3.37     -0.02      1.88     37.11
          ~~~~~~~~~~~~~~~~~~~~~~~~~~~~~~~~~~~~~~~~~~~~~~~~~~~~~~~~~~~~
      ave.      0.00      0.49      3.36     -0.00      1.87     36.06
      s.d.      0.02      0.04      0.01      0.02      0.02      1.29
****************************************************************************
NUPARM base-pair helical parameters
    step       X-disp    Y-disp   h-Rise     Incl.       Tip   h-Twist
   1 GA/TC      0.56      0.05      3.39      2.79     -0.03     37.16
   2 AT/AT      0.46     -0.00      3.37      2.91     -0.00     35.71
   3 TC/GA      0.56     -0.05      3.39      2.79      0.03     37.15
   4 CG/CG      0.43      0.00      3.35      3.01     -0.00     33.99
   5 GA/TC      0.56      0.05      3.39      2.79     -0.03     37.15
   6 AT/AT      0.46     -0.00      3.37      2.90      0.00     35.71
   7 TC/GA      0.56     -0.05      3.39      2.79      0.03     37.16
   8 CG/CG      0.43      0.00      3.35      3.00     -0.00     33.97
   9 GA/TC      0.56      0.05      3.39      2.79     -0.03     37.16
  10 AT/AT      0.46      0.00      3.37      2.90     -0.00     35.71
  11 TC/GA      0.56     -0.05      3.39      2.79      0.03     37.15
  12 CG/CG      0.43     -0.00      3.35      3.01      0.00     33.99
  13 GA/TC      0.56      0.05      3.39      2.79     -0.03     37.15
  14 AT/AT      0.46      0.00      3.37      2.91      0.00     35.71
  15 TC/GA      0.56     -0.05      3.39      2.79      0.03     37.16
  16 CG/CG      0.43     -0.00      3.35      3.01      0.00     33.98
  17 GA/TC      0.56      0.05      3.39      2.79     -0.03     37.16
  18 AT/AT      0.46     -0.00      3.37      2.90      0.00     35.71
  19 TC/GA      0.56     -0.05      3.39      2.79      0.03     37.16
          ~~~~~~~~~~~~~~~~~~~~~~~~~~~~~~~~~~~~~~~~~~~~~~~~~~~~~~~~~~~~
      ave.      0.50     -0.00      3.38      2.87      0.00     36.11
      s.d.      0.06      0.04      0.01      0.09      0.02      1.29
****************************************************************************
RNA base-pair parameters
     bp        Shear    Stretch   Stagger    Buckle  Propeller  Opening
    1 G-C      -0.14     -0.19      0.10      0.26    -15.15     -1.30
    2 A-T       0.03     -0.10      0.09     -0.04    -15.13     -1.87
    3 T-A      -0.03     -0.10      0.09      0.04    -15.13     -1.86
    4 C-G       0.14     -0.19      0.10     -0.26    -15.15     -1.28
    5 G-C      -0.14     -0.18      0.10      0.26    -15.15     -1.30
    6 A-T       0.03     -0.10      0.09     -0.04    -15.13     -1.87
    7 T-A      -0.03     -0.10      0.09      0.04    -15.13     -1.86
    8 C-G       0.14     -0.18      0.10     -0.26    -15.15     -1.28
    9 G-C      -0.14     -0.18      0.10      0.26    -15.15     -1.28
   10 A-T       0.03     -0.10      0.09     -0.04    -15.13     -1.86
   11 T-A      -0.03     -0.10      0.09      0.04    -15.13     -1.87
   12 C-G       0.14     -0.18      0.10     -0.26    -15.15     -1.30
   13 G-C      -0.14     -0.19      0.10      0.26    -15.15     -1.28
   14 A-T       0.03     -0.10      0.09     -0.04    -15.13     -1.86
   15 T-A      -0.03     -0.10      0.09      0.04    -15.13     -1.87
   16 C-G       0.14     -0.19      0.10     -0.26    -15.15     -1.30
   17 G-C      -0.14     -0.18      0.10      0.26    -15.15     -1.29
   18 A-T       0.03     -0.10      0.09     -0.04    -15.13     -1.86
   19 T-A      -0.03     -0.10      0.09      0.04    -15.13     -1.86
   20 C-G       0.14     -0.18      0.10     -0.26    -15.15     -1.29
          ~~~~~~~~~~~~~~~~~~~~~~~~~~~~~~~~~~~~~~~~~~~~~~~~~~~~~~~~~~~~
      ave.      0.00     -0.14      0.10      0.00    -15.14     -1.58
      s.d.      0.11      0.05      0.00      0.19      0.01      0.29
****************************************************************************
RNA base-pair step parameters
    step       Shift     Slide      Rise      Tilt      Roll     Twist
   1 GA/TC     -0.02      0.53      3.36      0.00      1.78     37.12
   2 AT/AT      0.00      0.47      3.35      0.00      1.77     35.66
   3 TC/GA      0.02      0.53      3.36     -0.00      1.78     37.12
   4 CG/CG     -0.00      0.43      3.34     -0.00      1.75     33.92
   5 GA/TC     -0.02      0.53      3.36      0.00      1.78     37.12
   6 AT/AT      0.00      0.47      3.35     -0.00      1.77     35.66
   7 TC/GA      0.02      0.53      3.36     -0.00      1.78     37.12
   8 CG/CG     -0.00      0.43      3.34      0.00      1.75     33.91
   9 GA/TC     -0.02      0.53      3.36      0.00      1.78     37.12
  10 AT/AT     -0.00      0.47      3.35      0.00      1.77     35.66
  11 TC/GA      0.02      0.53      3.36     -0.00      1.78     37.12
  12 CG/CG      0.00      0.43      3.34      0.00      1.75     33.92
  13 GA/TC     -0.02      0.53      3.36      0.00      1.78     37.12
  14 AT/AT     -0.00      0.47      3.35     -0.00      1.77     35.66
  15 TC/GA      0.02      0.53      3.36     -0.00      1.78     37.12
  16 CG/CG      0.00      0.43      3.34     -0.00      1.75     33.92
  17 GA/TC     -0.02      0.53      3.36      0.00      1.78     37.12
  18 AT/AT      0.00      0.47      3.35     -0.00      1.77     35.66
  19 TC/GA      0.02      0.53      3.36     -0.00      1.78     37.12
          ~~~~~~~~~~~~~~~~~~~~~~~~~~~~~~~~~~~~~~~~~~~~~~~~~~~~~~~~~~~~
      ave.      0.00      0.49      3.36     -0.00      1.77     36.06
      s.d.      0.01      0.04      0.01      0.00      0.01      1.30
****************************************************************************
RNA base-pair helical parameters
    step       X-disp    Y-disp   h-Rise     Incl.       Tip   h-Twist
   1 GA/TC      0.58      0.03      3.38      2.74     -0.01     37.17
   2 AT/AT      0.49      0.00      3.37      2.84     -0.00     35.71
   3 TC/GA      0.58     -0.03      3.38      2.74      0.01     37.16
   4 CG/CG      0.45      0.00      3.36      2.96      0.00     33.97
   5 GA/TC      0.58      0.03      3.38      2.74     -0.00     37.16
   6 AT/AT      0.49     -0.00      3.37      2.84      0.00     35.71
   7 TC/GA      0.58     -0.03      3.38      2.75      0.00     37.17
   8 CG/CG      0.45      0.00      3.36      2.96     -0.00     33.96
   9 GA/TC      0.58      0.03      3.38      2.75     -0.00     37.17
  10 AT/AT      0.49      0.00      3.37      2.84     -0.00     35.71
  11 TC/GA      0.58     -0.03      3.38      2.74      0.00     37.16
  12 CG/CG      0.45     -0.00      3.36      2.96     -0.00     33.97
  13 GA/TC      0.58      0.03      3.38      2.74     -0.01     37.16
  14 AT/AT      0.49     -0.00      3.37      2.84      0.00     35.71
  15 TC/GA      0.58     -0.03      3.38      2.74      0.01     37.17
  16 CG/CG      0.45     -0.00      3.36      2.96      0.00     33.96
  17 GA/TC      0.58      0.03      3.38      2.74     -0.01     37.17
  18 AT/AT      0.49     -0.00      3.37      2.84      0.00     35.70
  19 TC/GA      0.58     -0.03      3.38      2.74      0.01     37.17
          ~~~~~~~~~~~~~~~~~~~~~~~~~~~~~~~~~~~~~~~~~~~~~~~~~~~~~~~~~~~~
      ave.      0.53     -0.00      3.38      2.81      0.00     36.11
      s.d.      0.06      0.02      0.01      0.09      0.00      1.30
****************************************************************************
Strand I base step parameters
    step       Shift     Slide      Rise      Tilt      Roll     Twist
   1  G/A      -0.60      0.55      3.47      4.71      1.85     36.53
   2  A/T      -0.66      0.45      3.47      4.71      1.81     35.36
   3  T/C      -0.56      0.49      3.47      4.74      1.77     37.10
   4  C/G      -0.69      0.42      3.46      4.70      1.78     33.61
   5  G/A      -0.60      0.55      3.47      4.70      1.85     36.52
   6  A/T      -0.66      0.45      3.47      4.71      1.81     35.35
   7  T/C      -0.56      0.49      3.47      4.74      1.77     37.10
   8  C/G      -0.69      0.42      3.46      4.70      1.78     33.60
   9  G/A      -0.60      0.55      3.47      4.70      1.85     36.52
  10  A/T      -0.66      0.45      3.47      4.71      1.81     35.35
  11  T/C      -0.56      0.49      3.47      4.74      1.77     37.09
  12  C/G      -0.69      0.42      3.46      4.70      1.78     33.62
  13  G/A      -0.60      0.55      3.47      4.71      1.85     36.52
  14  A/T      -0.66      0.45      3.47      4.71      1.81     35.35
  15  T/C      -0.56      0.49      3.47      4.74      1.77     37.10
  16  C/G      -0.69      0.42      3.46      4.70      1.78     33.61
  17  G/A      -0.60      0.55      3.47      4.71      1.85     36.53
  18  A/T      -0.66      0.45      3.47      4.71      1.81     35.35
  19  T/C      -0.56      0.49      3.47      4.74      1.77     37.09
          ~~~~~~~~~~~~~~~~~~~~~~~~~~~~~~~~~~~~~~~~~~~~~~~~~~~~~~~~~~~~
      ave.     -0.62      0.48      3.47      4.71      1.80     35.75
      s.d.      0.05      0.05      0.00      0.01      0.03      1.32
****************************************************************************
Strand I base helical parameters
    step       X-disp    Y-disp   h-Rise     Incl.       Tip   h-Twist
   1  G/A       0.59     -0.17      3.39      2.89     -7.33     36.88
   2  A/T       0.45      0.01      3.37      2.91     -7.58     35.71
   3  T/C       0.51     -0.26      3.39      2.71     -7.27     37.44
   4  C/G       0.42      0.19      3.35      3.01     -7.96     33.98
   5  G/A       0.59     -0.17      3.39      2.89     -7.33     36.87
   6  A/T       0.45      0.01      3.37      2.91     -7.58     35.71
   7  T/C       0.51     -0.26      3.39      2.72     -7.27     37.45
   8  C/G       0.42      0.19      3.35      3.01     -7.96     33.98
   9  G/A       0.59     -0.17      3.39      2.89     -7.33     36.87
  10  A/T       0.45      0.01      3.37      2.91     -7.58     35.71
  11  T/C       0.51     -0.26      3.39      2.72     -7.27     37.44
  12  C/G       0.42      0.19      3.35      3.01     -7.96     33.99
  13  G/A       0.59     -0.17      3.39      2.89     -7.33     36.87
  14  A/T       0.45      0.01      3.37      2.91     -7.58     35.70
  15  T/C       0.51     -0.26      3.39      2.71     -7.27     37.44
  16  C/G       0.42      0.19      3.35      3.01     -7.96     33.99
  17  G/A       0.59     -0.17      3.39      2.89     -7.33     36.88
  18  A/T       0.45      0.01      3.37      2.91     -7.58     35.71
  19  T/C       0.51     -0.26      3.39      2.72     -7.27     37.44
          ~~~~~~~~~~~~~~~~~~~~~~~~~~~~~~~~~~~~~~~~~~~~~~~~~~~~~~~~~~~~
      ave.      0.50     -0.07      3.38      2.87     -7.51     36.11
      s.d.      0.07      0.17      0.01      0.11      0.26      1.30
****************************************************************************
Strand II base step parameters
    step       Shift     Slide      Rise      Tilt      Roll     Twist
   1  C/T       0.56      0.49      3.47     -4.74      1.77     37.10
   2  T/A       0.66      0.45      3.47     -4.71      1.81     35.35
   3  A/G       0.60      0.55      3.47     -4.71      1.85     36.52
   4  G/C       0.69      0.42      3.46     -4.70      1.78     33.62
   5  C/T       0.56      0.49      3.47     -4.74      1.77     37.09
   6  T/A       0.66      0.45      3.47     -4.71      1.81     35.35
   7  A/G       0.60      0.55      3.47     -4.70      1.85     36.52
   8  G/C       0.69      0.42      3.46     -4.70      1.78     33.60
   9  C/T       0.56      0.49      3.47     -4.74      1.77     37.10
  10  T/A       0.66      0.45      3.47     -4.71      1.81     35.35
  11  A/G       0.60      0.55      3.47     -4.70      1.85     36.52
  12  G/C       0.69      0.42      3.46     -4.70      1.78     33.61
  13  C/T       0.56      0.49      3.47     -4.74      1.77     37.10
  14  T/A       0.66      0.45      3.47     -4.71      1.81     35.36
  15  A/G       0.60      0.55      3.47     -4.71      1.85     36.53
  16  G/C       0.69      0.42      3.46     -4.70      1.78     33.61
  17  C/T       0.56      0.49      3.47     -4.74      1.77     37.09
  18  T/A       0.66      0.45      3.47     -4.71      1.81     35.35
  19  A/G       0.60      0.55      3.47     -4.71      1.85     36.53
          ~~~~~~~~~~~~~~~~~~~~~~~~~~~~~~~~~~~~~~~~~~~~~~~~~~~~~~~~~~~~
      ave.      0.62      0.48      3.47     -4.71      1.80     35.75
      s.d.      0.05      0.05      0.00      0.01      0.03      1.32
****************************************************************************
Strand II base helical parameters
    step       X-disp    Y-disp   h-Rise     Incl.       Tip   h-Twist
   1  C/T       0.51      0.26      3.39      2.71      7.27     37.44
   2  T/A       0.45     -0.01      3.37      2.91      7.58     35.70
   3  A/G       0.59      0.17      3.39      2.89      7.33     36.87
   4  G/C       0.42     -0.19      3.35      3.01      7.96     33.99
   5  C/T       0.51      0.26      3.39      2.72      7.27     37.44
   6  T/A       0.45     -0.01      3.37      2.91      7.58     35.71
   7  A/G       0.59      0.17      3.39      2.89      7.33     36.87
   8  G/C       0.42     -0.19      3.35      3.01      7.96     33.98
   9  C/T       0.51      0.26      3.39      2.72      7.27     37.45
  10  T/A       0.45     -0.01      3.37      2.91      7.58     35.71
  11  A/G       0.59      0.17      3.39      2.89      7.33     36.87
  12  G/C       0.42     -0.19      3.35      3.01      7.96     33.98
  13  C/T       0.51      0.26      3.39      2.71      7.27     37.44
  14  T/A       0.45     -0.01      3.37      2.91      7.58     35.71
  15  A/G       0.59      0.17      3.39      2.89      7.33     36.88
  16  G/C       0.42     -0.19      3.35      3.01      7.96     33.98
  17  C/T       0.51      0.26      3.39      2.72      7.27     37.44
  18  T/A       0.45     -0.01      3.37      2.91      7.58     35.71
  19  A/G       0.59      0.17      3.39      2.89      7.33     36.88
          ~~~~~~~~~~~~~~~~~~~~~~~~~~~~~~~~~~~~~~~~~~~~~~~~~~~~~~~~~~~~
      ave.      0.50      0.07      3.38      2.87      7.51     36.11
      s.d.      0.07      0.17      0.01      0.11      0.26      1.31
